2019-04-09;17:06:48.084,1.211182,-3.308011,9.138918,0.037287,0.000000,0.005327,-42.547500,0.579500,-30.561000,Unknown;
2019-04-09;17:06:48.127,1.268629,-3.078221,9.167642,0.077238,-0.007990,0.018644,-45.567000,0.000000,-31.750500,Unknown;
2019-04-09;17:06:48.167,1.211182,-2.992050,9.043172,0.058594,0.013317,0.015980,-44.957000,-1.769000,-32.360500,Unknown;
2019-04-09;17:06:48.207,1.220756,-3.030348,9.062322,0.055931,0.002663,0.007990,-43.767500,-1.769000,-33.550000,Unknown;
2019-04-09;17:06:48.247,1.249480,-3.097370,9.138918,0.023970,0.010653,-0.002663,-46.146500,-1.769000,-33.550000,Unknown;
2019-04-09;17:06:48.287,1.211182,-3.011199,9.110194,0.026634,0.010653,-0.007990,-45.567000,-1.769000,-29.981500,Unknown;
2019-04-09;17:06:48.327,1.182458,-3.030348,9.071896,0.045277,0.005327,-0.002663,-44.957000,-1.769000,-33.550000,Unknown;
2019-04-09;17:06:48.367,1.220756,-3.059072,9.119769,0.010653,0.000000,0.007990,-44.347000,0.579500,-32.970500,Unknown;
2019-04-09;17:06:48.407,1.010116,-2.704813,9.560199,0.055931,-0.010653,0.047941,-45.567000,-1.769000,-32.360500,Unknown;
2019-04-09;17:06:48.448,0.627134,-2.340980,10.278291,0.141159,-0.018644,0.074574,-44.957000,-2.379000,-32.970500,Unknown;
2019-04-09;17:06:48.491,-0.100533,-0.876072,12.183628,0.372872,0.117188,0.045277,-45.567000,-1.189500,-32.360500,Unknown;
2019-04-09;17:06:48.532,-0.014362,-0.732454,12.432567,0.511368,0.284981,0.031960,-45.567000,-1.769000,-32.970500,Unknown;
2019-04-09;17:06:48.572,-0.138831,-0.684581,12.442142,0.687150,0.532674,-0.093218,-45.567000,-2.989000,-31.750500,Unknown;
2019-04-09;17:06:48.612,-0.636708,-0.253726,11.915541,0.988111,0.870923,-0.394179,-42.547500,-2.989000,-28.761500,Unknown;
2019-04-09;17:06:48.738,-0.272875,-0.837774,9.474028,0.775041,1.052032,-1.001428,-40.168500,-2.379000,-25.162500,Unknown;
2019-04-09;17:06:48.779,-0.215428,-0.943094,9.052747,0.511368,0.961477,-1.182537,-40.748000,-1.769000,-23.363000,Unknown;
2019-04-09;17:06:48.821,0.225002,-2.446300,7.903799,0.130505,0.745744,-1.398271,-37.149002,0.579500,-21.563500,Unknown;
2019-04-09;17:06:48.862,0.004787,-1.766506,7.511243,0.601922,0.553981,-1.376964,-39.558502,2.379000,-22.173500,Unknown;
2019-04-09;17:06:48.902,0.540963,-2.216511,8.688913,0.556645,0.314278,-1.323696,-40.748000,4.178500,-20.374000,Unknown;
2019-04-09;17:06:48.942,0.406919,-2.379278,8.277207,0.346238,0.295634,-1.222488,-38.369000,5.368000,-21.563500,Unknown;
2019-04-09;17:06:48.982,0.177129,-1.871826,8.497422,0.657853,0.170456,-0.921527,-41.358000,7.777500,-20.984001,Unknown;
2019-04-09;17:06:49.022,-0.502664,-1.364375,9.225089,0.522021,0.183773,-0.655190,-41.358000,8.967000,-20.984001,Unknown;
2019-04-09;17:06:49.062,-0.062235,-1.900550,9.004874,0.386189,0.300961,-0.434130,-41.358000,8.387500,-21.563500,Unknown;
2019-04-09;17:06:49.102,-0.990967,-1.469695,8.755936,0.482070,0.356892,-0.242367,-40.748000,7.167500,-20.374000,Unknown;
2019-04-09;17:06:49.142,-1.709059,0.014362,8.583593,0.649863,0.316941,0.005327,-40.168500,5.978000,-20.374000,Unknown;
2019-04-09;17:06:49.182,-1.785656,0.253726,8.229335,0.684487,0.258347,-0.018644,-40.168500,7.777500,-20.374000,Unknown;
2019-04-09;17:06:49.222,-1.919699,0.655857,8.305931,0.681823,0.183773,-0.002663,-40.168500,5.978000,-19.764000,Unknown;
2019-04-09;17:06:49.262,-2.321831,1.450546,8.305931,0.729764,0.018644,-0.047941,-40.168500,5.368000,-20.984001,Unknown;
2019-04-09;17:06:49.305,-2.561195,2.015445,8.420826,0.572625,-0.047941,-0.066584,-40.748000,7.777500,-20.374000,Unknown;
2019-04-09;17:06:49.346,-2.848432,2.293107,8.564445,0.295634,-0.087891,-0.130505,-41.358000,7.777500,-18.574501,Unknown;
2019-04-09;17:06:49.388,-3.279287,2.159063,8.439975,0.181109,-0.247694,-0.330258,-40.748000,7.777500,-19.764000,Unknown;
2019-04-09;17:06:49.429,-2.944177,2.704813,9.052747,0.199753,-0.372872,-0.458100,-41.968002,7.167500,-20.374000,Unknown;
2019-04-09;17:06:49.469,-3.030348,3.173967,9.837861,-0.354229,-0.442120,-0.692477,-40.168500,8.387500,-22.173500,Unknown;
2019-04-09;17:06:49.511,-0.694156,0.607985,9.962330,-1.337013,-0.359555,-1.422241,-41.968002,12.566000,-21.563500,Unknown;
2019-04-09;17:06:49.552,0.464366,-0.713305,10.239992,-0.862933,-0.308951,-1.576717,-44.347000,14.365500,-21.563500,Unknown;
2019-04-09;17:06:49.592,0.004787,-0.416493,10.364462,-0.721774,-0.173119,-1.360983,-45.567000,16.165000,-19.764000,Unknown;
2019-04-09;17:06:49.632,-1.067564,-1.967572,8.909128,-0.450110,0.010653,-0.514031,-47.366500,19.184500,-19.764000,Unknown;
2019-04-09;17:06:49.672,-1.249480,-0.876072,8.957002,0.154476,0.034624,-0.372872,-45.567000,19.184500,-20.374000,Unknown;
2019-04-09;17:06:49.718,-1.201607,-0.081384,8.899554,0.157139,0.082565,-0.250357,-46.146500,21.563500,-21.563500,Unknown;
2019-04-09;17:06:49.762,-1.000542,-1.488844,7.961247,-0.399506,0.130505,-0.151812,-47.946000,19.184500,-21.563500,Unknown;
2019-04-09;17:06:49.802,-1.057989,-1.670761,8.775085,-0.223723,0.047941,-0.029297,-49.745500,19.764000,-19.764000,Unknown;
2019-04-09;17:06:49.842,-1.555866,-1.182458,9.244238,-0.133169,0.061258,0.058594,-47.946000,20.374000,-21.563500,Unknown;
2019-04-09;17:06:49.884,-1.804805,-1.728208,8.372953,-0.292971,0.207743,0.191763,-46.146500,19.764000,-19.184500,Unknown;
2019-04-09;17:06:49.925,-2.321831,-1.460120,8.641041,-0.221060,0.178446,0.253020,-46.146500,19.764000,-19.184500,Unknown;
2019-04-09;17:06:49.966,-2.408002,-1.957998,9.177217,-0.316941,0.047941,0.266337,-45.567000,17.964500,-18.574501,Unknown;
2019-04-09;17:06:50.006,-2.159063,-2.427151,8.631466,-0.335585,0.026634,0.085228,-47.366500,19.764000,-16.775000,Unknown;
2019-04-09;17:06:50.047,-1.929274,-2.475024,9.426155,-0.245030,-0.026634,0.007990,-46.146500,19.184500,-18.574501,Unknown;
2019-04-09;17:06:50.087,-1.890976,-2.733537,9.464453,-0.338248,-0.018644,0.021307,-47.946000,19.184500,-18.574501,Unknown;
2019-04-09;17:06:50.127,-1.795230,-3.403756,9.378282,-0.071911,-0.026634,0.037287,-45.567000,19.184500,-17.385000,Unknown;
2019-04-09;17:06:50.167,-1.680335,-2.235660,9.962330,0.135832,-0.031960,0.000000,-45.567000,19.184500,-16.775000,Unknown;
2019-04-09;17:06:50.207,-1.747357,-2.819708,9.349558,-0.114525,0.087891,-0.031960,-47.366500,18.574501,-16.775000,Start_gesture;
2019-04-09;17:06:50.247,-2.159063,-2.293107,9.033598,0.082565,0.093218,-0.199753,-46.146500,19.764000,-19.184500,Start_gesture;
2019-04-09;17:06:50.287,-2.178212,-2.082467,8.813383,0.034624,-0.005327,-0.239704,-47.946000,18.574501,-18.574501,Start_gesture;
2019-04-09;17:06:50.327,-1.632462,-2.408002,9.569773,0.021307,-0.127842,-0.295634,-45.567000,19.764000,-17.385000,Start_gesture;
2019-04-09;17:06:50.367,-0.971818,-2.312256,9.675094,0.114525,0.053267,-0.119852,-47.946000,20.374000,-16.165000,Start_gesture;
2019-04-09;17:06:50.407,-1.335651,-1.996296,8.545295,-0.021307,0.178446,0.047941,-49.745500,22.173500,-17.385000,Start_gesture;
2019-04-09;17:06:50.452,-1.718634,-1.527142,8.564445,0.125179,-0.026634,-0.013317,-46.146500,22.173500,-17.385000,Start_gesture;
2019-04-09;17:06:50.496,-2.159063,-1.642037,9.426155,-0.015980,0.031960,-0.069248,-47.946000,19.764000,-18.574501,Start_gesture;
2019-04-09;17:06:50.537,-1.957998,-1.297353,9.129343,-0.082565,0.071911,-0.109198,-49.166000,21.563500,-17.385000,Start_gesture;
2019-04-09;17:06:50.581,-2.159063,-1.996296,8.899554,-0.300961,0.183773,-0.122515,-50.355500,19.764000,-16.775000,Start_gesture;
2019-04-09;17:06:50.621,-2.015445,-1.306927,9.694242,0.223723,0.085228,-0.111862,-48.556000,20.374000,-16.165000,Start_gesture;
2019-04-09;17:06:50.661,-1.881401,-3.068647,8.334655,-0.183773,0.154476,-0.101208,-47.366500,21.563500,-16.775000,Start_gesture;
2019-04-09;17:06:50.701,-1.938848,-2.848432,8.277207,0.098545,0.090555,-0.077238,-47.946000,20.374000,-16.165000,Start_gesture;
2019-04-09;17:06:50.742,-1.785656,-2.350555,8.430401,0.111862,-0.005327,0.026634,-47.366500,23.363000,-15.585500,Start_gesture;
2019-04-09;17:06:50.782,-1.977147,-2.226085,8.813383,0.005327,-0.021307,0.037287,-47.946000,22.783500,-15.585500,Start_gesture;
2019-04-09;17:06:50.822,-1.890976,-2.599493,8.813383,-0.034624,-0.053267,0.010653,-46.146500,20.374000,-16.165000,Start_gesture;
2019-04-09;17:06:50.863,-2.101616,-2.216511,9.024023,-0.127842,-0.047941,-0.029297,-47.366500,22.173500,-15.585500,Start_gesture;
2019-04-09;17:06:50.903,-2.015445,-2.446300,9.263388,0.000000,-0.082565,-0.055931,-49.166000,22.783500,-16.165000,Start_gesture;
2019-04-09;17:06:50.944,-2.101616,-2.082467,9.215514,0.087891,-0.066584,-0.058594,-47.946000,22.173500,-16.165000,Start_gesture;
2019-04-09;17:06:50.984,-1.938848,-2.360129,8.909128,-0.047941,-0.013317,-0.066584,-49.745500,21.563500,-16.165000,Start_gesture;
2019-04-09;17:06:51.026,-1.431397,-2.350555,8.717637,0.058594,-0.018644,-0.079901,-47.946000,22.173500,-15.585500,Start_gesture;
2019-04-09;17:06:51.066,-1.259055,-2.216511,9.062322,0.031960,-0.047941,-0.053267,-50.355500,20.374000,-15.585500,Start_gesture;
2019-04-09;17:06:51.106,-2.005870,-2.178212,9.081471,0.015980,-0.087891,0.058594,-49.166000,22.173500,-18.574501,Start_gesture;
2019-04-09;17:06:51.146,-2.168638,-2.025020,8.813383,0.071911,-0.167792,0.103872,-48.556000,21.563500,-16.165000,Start_gesture;
2019-04-09;17:06:51.186,-2.197362,-1.957998,9.225089,0.162466,-0.186436,0.162466,-48.556000,22.173500,-18.574501,Start_gesture;
2019-04-09;17:06:51.226,-1.747357,-1.613313,9.933606,0.178446,-0.125179,0.162466,-48.556000,22.173500,-17.385000,Start_gesture;
2019-04-09;17:06:51.266,-1.709059,-1.910125,9.464453,-0.005327,-0.015980,0.165129,-46.146500,20.374000,-17.385000,Start_gesture;
2019-04-09;17:06:51.306,-1.125011,-1.910125,8.957002,-0.037287,0.013317,0.143822,-47.946000,19.764000,-18.574501,Start_gesture;
2019-04-09;17:06:51.346,-1.575015,-2.743112,9.043172,0.071911,-0.042614,0.348902,-46.146500,19.764000,-16.165000,Start_gesture;
2019-04-09;17:06:51.386,-2.053743,-2.321831,9.311260,0.186436,-0.085228,0.354229,-46.146500,19.184500,-19.184500,Start_gesture;
2019-04-09;17:06:51.426,-1.957998,-2.235660,8.957002,0.053267,-0.055931,0.266337,-46.146500,20.374000,-16.165000,Start_gesture;
2019-04-09;17:06:51.468,-1.929274,-2.953752,8.813383,0.069248,-0.029297,0.194426,-46.146500,19.184500,-16.775000,Start_gesture;
2019-04-09;17:06:51.511,-1.957998,-2.542046,8.899554,0.015980,-0.005327,0.173119,-45.567000,19.184500,-16.775000,Start_gesture;
2019-04-09;17:06:51.551,-1.919699,-2.704813,8.822957,0.000000,-0.047941,0.098545,-47.366500,19.184500,-17.385000,Start_gesture;
2019-04-09;17:06:51.592,-1.919699,-2.427151,8.755936,-0.045277,-0.023970,0.015980,-46.146500,19.764000,-16.165000,Start_gesture;
2019-04-09;17:06:51.633,-2.015445,-2.551620,8.937852,0.026634,-0.034624,-0.002663,-46.146500,19.764000,-16.775000,Start_gesture;
2019-04-09;17:06:51.673,-2.101616,-2.092042,9.225089,0.133169,-0.015980,-0.039951,-46.146500,18.574501,-18.574501,Start_gesture;
2019-04-09;17:06:51.713,-2.044169,-2.293107,9.205940,0.348902,-0.031960,-0.199753,-44.957000,19.764000,-17.385000,Start_gesture;
2019-04-09;17:06:51.753,-1.919699,-2.092042,9.339984,0.588605,-0.037287,-0.303624,-46.146500,19.184500,-18.574501,Start_gesture;
2019-04-09;17:06:51.793,-1.546292,-1.421822,9.033598,0.713784,-0.069248,-0.327595,-45.567000,19.184500,-19.764000,Start_gesture;
2019-04-09;17:06:51.833,-1.364375,-1.546292,9.387856,0.253020,-0.101208,-0.300961,-45.567000,20.374000,-19.764000,Start_gesture;
2019-04-09;17:06:51.873,-1.316502,-2.063318,9.474028,0.189099,-0.069248,-0.258347,-46.146500,19.184500,-19.184500,Start_gesture;
2019-04-09;17:06:51.913,-1.948423,-1.488844,9.397431,0.082565,0.045277,-0.181109,-47.366500,19.764000,-20.374000,Start_gesture;
2019-04-09;17:06:51.954,-1.871826,-1.785656,8.985725,-0.029297,0.093218,-0.122515,-47.366500,20.374000,-19.184500,Start_gesture;
2019-04-09;17:06:51.994,-1.699485,-1.661186,8.813383,0.023970,0.090555,-0.079901,-49.166000,19.764000,-18.574501,Start_gesture;
2019-04-09;17:06:52.034,-1.469695,-1.239906,8.909128,0.082565,0.037287,-0.005327,-49.166000,20.374000,-19.764000,9;
2019-04-09;17:06:52.074,-1.642037,-1.249480,9.071896,-0.018644,0.047941,0.005327,-48.556000,21.563500,-20.984001,9;
2019-04-09;17:06:52.114,-1.670761,-1.278204,8.985725,-0.010653,0.029297,-0.005327,-48.556000,21.563500,-19.184500,9;
2019-04-09;17:06:52.156,-1.680335,-1.488844,9.100619,0.000000,-0.018644,-0.031960,-47.366500,19.764000,-20.374000,9;
2019-04-09;17:06:52.196,-1.603739,-1.584590,9.119769,0.023970,-0.026634,-0.026634,-47.946000,20.374000,-20.374000,9;
2019-04-09;17:06:52.236,-1.642037,-1.622888,9.177217,-0.005327,-0.007990,-0.002663,-47.946000,20.374000,-18.574501,9;
2019-04-09;17:06:52.276,-1.622888,-1.421822,9.435729,0.023970,-0.031960,0.018644,-49.166000,21.563500,-19.184500,9;
2019-04-09;17:06:52.316,-2.082467,-2.168638,9.847435,0.079901,-0.023970,0.055931,-48.556000,19.764000,-19.764000,9;
2019-04-09;17:06:52.356,-2.034594,-3.308011,10.182545,-0.061258,0.050604,0.133169,-49.745500,20.374000,-17.385000,9;
2019-04-09;17:06:52.396,-1.938848,-6.065484,10.086800,-0.452773,0.159802,0.322268,-47.946000,19.764000,-19.764000,9;
2019-04-09;17:06:52.436,-1.632462,-7.875076,8.765511,-0.396843,0.426140,1.214498,-46.146500,19.184500,-18.574501,9;
2019-04-09;17:06:52.477,-0.933520,-7.894225,6.362296,-0.314278,0.482070,1.853707,-44.957000,16.775000,-16.775000,9;
2019-04-09;17:06:52.517,-0.694156,-5.337818,5.921866,-0.210406,0.292971,2.468946,-42.547500,13.176001,-17.385000,9;
2019-04-09;17:06:52.557,0.809050,-4.275041,3.116519,-0.394179,0.098545,2.985640,-41.358000,9.577000,-16.165000,9;
2019-04-09;17:06:52.597,2.484598,-3.432480,1.565441,-0.391516,-0.258347,3.241324,-40.168500,7.167500,-16.165000,9;
2019-04-09;17:06:52.637,3.671844,0.493090,2.187787,-0.857606,-1.203844,3.403790,-37.149002,-2.379000,-17.385000,9;
2019-04-09;17:06:52.677,4.150572,1.890976,2.513322,-1.089319,-1.787123,3.094839,-41.358000,-4.178500,-19.184500,9;
2019-04-09;17:06:52.719,4.801642,3.537800,2.580344,-1.539429,-2.405026,2.378392,-42.547500,-5.368000,-23.973000,9;
2019-04-09;17:06:52.761,8.918703,6.888896,9.426155,-0.649863,-4.109584,0.423476,-44.347000,-8.387500,-30.561000,9;
2019-04-09;17:06:52.802,9.770839,7.750606,11.283620,-0.796348,-4.309337,-0.348902,-49.166000,-6.588000,-33.550000,9;
2019-04-09;17:06:52.842,9.742115,8.420826,17.535807,-0.050604,-4.607635,-1.270429,-51.545002,-5.368000,-37.759000,9;
2019-04-09;17:06:52.882,12.805975,10.785743,19.594337,-0.210406,-3.430424,-3.425097,-59.353000,-4.788500,-41.358000,9;
2019-04-09;17:06:52.922,14.577269,1.900550,19.594337,-1.355657,-0.924190,-4.477130,-63.531500,1.769000,-44.347000,9;
2019-04-09;17:06:52.962,14.069817,-0.263300,19.594337,-0.530011,0.471417,-4.221446,-61.762500,4.788500,-44.347000,9;
2019-04-09;17:06:53.002,13.476193,-0.981392,19.594337,-0.569962,2.000193,-3.702088,-59.963000,5.978000,-42.547500,9;
2019-04-09;17:06:53.042,12.451715,-4.629300,15.802812,-0.612576,4.351951,-2.546184,-56.943500,12.566000,-38.369000,9;
2019-04-09;17:06:53.082,13.294277,-5.385690,9.732541,-0.125179,4.839348,-2.173312,-53.344500,14.365500,-34.160000,9;
2019-04-09;17:06:53.122,11.025106,-6.467616,4.591001,-0.420813,4.884625,-1.691242,-49.745500,15.585500,-32.360500,9;
2019-04-09;17:06:53.163,5.529309,-4.409085,-0.569686,-0.183773,4.160188,-0.133169,-47.366500,16.775000,-23.363000,9;
2019-04-09;17:06:53.203,2.752686,-1.373949,-2.762261,-0.482070,3.632840,0.359555,-44.957000,14.975500,-19.764000,9;
2019-04-09;17:06:53.244,0.780327,0.579261,-3.949506,-1.081329,2.847145,0.436793,-42.547500,15.585500,-16.165000,9;
2019-04-09;17:06:53.318,-2.628217,2.149489,-4.447383,-1.664608,0.170456,-0.452773,-41.358000,16.165000,-11.376500,9;
2019-04-09;17:06:53.368,-0.770752,1.670761,-3.317585,-0.692477,-1.142587,-0.711121,-44.957000,16.775000,-11.986500,9;
2019-04-09;17:06:53.410,1.651612,1.172884,0.809050,0.471417,-2.908403,-1.238468,-47.366500,19.184500,-15.585500,9;
2019-04-09;17:06:53.452,4.045252,0.205853,3.298436,0.455437,-3.401127,-1.456865,-47.946000,19.184500,-17.385000,9;
2019-04-09;17:06:53.493,4.562278,-3.892059,3.154818,-0.388852,-3.936464,-1.712549,-51.545002,22.783500,-24.583000,9;
2019-04-09;17:06:53.533,7.405922,-3.633546,8.641041,1.073339,-4.703516,-1.739182,-53.344500,25.162500,-27.572000,9;
2019-04-09;17:06:53.574,10.259142,-7.291027,13.859177,2.439649,-5.302775,-0.580615,-63.531500,23.973000,-34.160000,9;
2019-04-09;17:06:53.618,10.938935,-4.705896,11.494260,3.387810,-4.876635,0.444783,-65.331000,22.173500,-38.369000,9;
2019-04-09;17:06:53.662,11.015532,-2.532471,19.594337,2.756591,-3.907167,2.223916,-71.949500,17.964500,-42.547500,9;
2019-04-09;17:06:53.711,14.615566,-5.739949,16.109198,0.463427,-2.226579,2.711313,-76.128000,15.585500,-45.567000,9;
2019-04-09;17:06:53.754,16.884737,-0.253726,11.771922,2.061450,-1.179874,3.957771,-76.128000,9.577000,-46.756500,9;
2019-04-09;17:06:53.795,14.242159,4.495256,10.105948,2.530204,-0.410159,4.237426,-75.548500,7.777500,-45.567000,9;
2019-04-09;17:06:53.835,12.068733,5.854844,8.870831,1.129270,0.178446,3.931138,-73.749000,4.178500,-46.756500,9;
2019-04-09;17:06:53.876,11.580431,9.646370,5.998462,0.556645,0.551318,3.334543,-71.949500,3.568500,-46.756500,9;
2019-04-09;17:06:53.917,6.821874,2.599493,2.197362,-1.062686,0.695140,1.611340,-70.150000,2.379000,-46.146500,9;
2019-04-09;17:06:53.968,5.998462,1.393099,5.270795,0.434130,0.135832,0.287644,-69.540000,3.568500,-47.366500,9;
2019-04-09;17:06:54.009,6.343146,-2.934603,5.404839,-0.202416,-0.199753,-0.577952,-70.150000,4.788500,-45.567000,9;
2019-04-09;17:06:54.053,6.975067,-4.466532,6.189953,-0.061258,-0.205080,-0.530011,-70.150000,4.788500,-47.366500,9;
2019-04-09;17:06:54.102,7.415497,-4.322914,6.946343,0.007990,-0.114525,-0.311615,-71.949500,2.379000,-46.146500,9;
2019-04-09;17:06:54.146,7.530392,-3.355883,7.252729,0.202416,-0.047941,-0.183773,-69.540000,4.178500,-46.756500,9;
2019-04-09;17:06:54.187,7.702734,-3.221840,6.965493,0.029297,0.063921,-0.117188,-71.949500,2.379000,-45.567000,Unknown;
2019-04-09;17:06:54.227,7.118686,-2.714388,6.266550,0.189099,0.157139,0.007990,-71.339500,5.368000,-46.146500,Unknown;
2019-04-09;17:06:54.267,7.080388,-2.867581,6.084633,0.021307,0.170456,-0.055931,-69.540000,3.568500,-46.146500,Unknown;
2019-04-09;17:06:54.308,7.204857,-3.413331,6.084633,-0.154476,0.141159,-0.061258,-69.540000,4.178500,-46.146500,Unknown;
2019-04-09;17:06:54.357,7.195282,-3.432480,6.161230,-0.061258,0.095881,-0.045277,-69.540000,4.178500,-43.767500,Unknown;
2019-04-09;17:06:54.398,7.204857,-3.336734,6.314423,-0.047941,0.085228,-0.023970,-67.740500,4.178500,-47.366500,Unknown;
2019-04-09;17:06:54.457,7.156984,-3.068647,6.295273,0.026634,0.047941,-0.018644,-68.930000,1.769000,-46.146500,Unknown;
2019-04-09;17:06:54.498,7.185708,-2.867581,6.084633,-0.055931,0.071911,-0.002663,-68.930000,5.978000,-44.347000,Unknown;
2019-04-09;17:06:54.550,7.338901,-2.254809,5.797396,-0.202416,0.074574,-0.101208,-68.350500,7.167500,-44.347000,Unknown;
2019-04-09;17:06:54.598,7.961247,-1.996296,6.515488,-0.292971,0.010653,-0.343575,-68.930000,5.978000,-46.756500,Unknown;
2019-04-09;17:06:54.642,8.258059,-1.670761,6.716554,-0.567298,0.098545,-0.463427,-69.540000,4.788500,-46.756500,Unknown;
2019-04-09;17:06:54.686,9.100619,-1.948423,11.321918,-0.884240,0.604586,-0.617902,-68.930000,8.967000,-44.347000,Unknown;
2019-04-09;17:06:54.727,8.784659,-2.676090,12.700654,-0.769715,1.044042,-0.577952,-68.930000,10.766500,-44.347000,Unknown;
2019-04-09;17:06:54.776,9.253813,-1.910125,15.687918,0.063921,1.520786,-0.511368,-68.930000,11.376500,-43.767500,Unknown;
2019-04-09;17:06:54.817,7.587839,-1.795230,14.175137,0.484734,2.908403,-0.748408,-59.963000,8.967000,-41.358000,Unknown;
2019-04-09;17:06:54.857,7.233581,-2.465449,13.121935,0.631219,3.286602,-0.988111,-56.364002,10.766500,-38.948500,Unknown;
2019-04-09;17:06:54.897,6.582510,-3.595247,11.676176,0.588605,3.520979,-1.131933,-56.364002,9.577000,-38.948500,Unknown;
2019-04-09;17:06:54.937,4.916537,-4.150572,8.861256,0.716447,3.481028,-1.257112,-49.745500,9.577000,-32.970500,Unknown;
2019-04-09;17:06:54.978,3.863335,-4.437809,7.367624,0.577952,3.254641,-1.278419,-47.946000,11.376500,-29.981500,Unknown;
2019-04-09;17:06:55.023,2.532471,-4.121848,4.389936,0.423476,2.615432,-1.171884,-44.957000,14.365500,-25.772501,Unknown;
2019-04-09;17:06:55.064,1.507993,-3.901633,3.777164,0.266337,2.199946,-1.044042,-44.957000,13.176001,-23.973000,Unknown;
2019-04-09;17:06:55.104,0.684581,-2.369704,4.208019,0.266337,1.643301,-1.030725,-44.347000,14.365500,-20.374000,Unknown;
2019-04-09;17:06:55.144,-0.445217,-1.948423,4.983559,-0.023970,1.347667,-1.028062,-44.957000,14.975500,-20.984001,Unknown;
2019-04-09;17:06:55.184,-0.473941,-2.321831,5.826120,-0.545991,0.556645,-1.313043,-46.146500,17.964500,-18.574501,Unknown;
2019-04-09;17:06:55.224,0.560112,-2.915454,6.534637,-0.127842,0.218397,-1.230478,-47.366500,20.374000,-17.385000,Unknown;
2019-04-09;17:06:55.264,0.081384,-3.164392,7.271879,0.324931,0.077238,-0.828309,-48.556000,20.374000,-17.385000,Unknown;
2019-04-09;17:06:55.304,0.062235,-2.637791,7.405922,0.660516,0.127842,-0.378199,-48.556000,22.173500,-17.385000,Unknown;
2019-04-09;17:06:55.344,-1.402673,-2.254809,7.348475,0.000000,0.167792,0.114525,-47.946000,22.173500,-17.385000,Unknown;
2019-04-09;17:06:55.384,-1.440971,-1.450546,8.372953,0.162466,0.042614,0.066584,-47.946000,20.374000,-18.574501,Unknown;
2019-04-09;17:06:55.424,-1.957998,-1.699485,8.210186,-0.047941,0.034624,-0.010653,-47.946000,20.374000,-16.775000,Unknown;
2019-04-09;17:06:55.464,-1.603739,-1.862252,8.985725,0.029297,-0.061258,-0.005327,-48.556000,20.374000,-18.574501,Unknown;
2019-04-09;17:06:55.504,-1.804805,-1.938848,9.694242,0.069248,-0.050604,0.023970,-46.146500,19.764000,-19.184500,Start_gesture;
2019-04-09;17:06:55.544,-1.555866,-1.134585,9.512326,0.098545,0.000000,0.000000,-48.556000,21.563500,-19.764000,Start_gesture;
2019-04-09;17:06:55.600,-1.680335,-1.632462,9.407005,0.079901,-0.010653,-0.037287,-46.146500,21.563500,-18.574501,Start_gesture;
2019-04-09;17:06:55.643,-1.795230,-1.575015,9.177217,0.039951,0.034624,-0.066584,-47.946000,19.764000,-18.574501,Start_gesture;
2019-04-09;17:06:55.696,-1.957998,-1.536717,9.359133,0.055931,0.026634,-0.050604,-47.946000,19.764000,-17.385000,Start_gesture;
2019-04-09;17:06:55.737,-1.747357,-2.532471,9.196365,-0.149149,0.039951,-0.069248,-47.366500,22.173500,-17.385000,Start_gesture;
2019-04-09;17:06:55.778,-1.613313,-2.082467,9.052747,0.095881,0.021307,-0.045277,-47.946000,19.764000,-19.764000,Start_gesture;
2019-04-09;17:06:55.823,-1.747357,-1.632462,9.100619,0.053267,0.034624,0.042614,-49.166000,20.374000,-19.764000,Start_gesture;
2019-04-09;17:06:55.865,-2.082467,-2.044169,8.784659,-0.125179,0.063921,-0.002663,-49.166000,19.764000,-18.574501,Start_gesture;
2019-04-09;17:06:55.905,-1.852678,-2.053743,9.186790,0.069248,-0.013317,0.000000,-48.556000,19.764000,-16.775000,Start_gesture;
2019-04-09;17:06:55.945,-1.747357,-2.312256,8.861256,-0.154476,0.063921,-0.013317,-47.946000,21.563500,-19.184500,Start_gesture;
2019-04-09;17:06:55.987,-1.823954,-1.546292,9.052747,0.026634,0.015980,0.000000,-47.946000,20.374000,-17.385000,Start_gesture;
2019-04-09;17:06:56.028,-1.929274,-1.948423,8.957002,-0.117188,0.029297,-0.002663,-46.146500,20.374000,-18.574501,Start_gesture;
2019-04-09;17:06:56.071,-2.005870,-1.469695,9.186790,0.101208,-0.018644,0.029297,-47.366500,20.374000,-16.165000,Start_gesture;
2019-04-09;17:06:56.112,-1.900550,-1.718634,9.158067,-0.015980,0.010653,0.013317,-47.366500,20.374000,-17.385000,Start_gesture;
2019-04-09;17:06:56.164,-1.900550,-1.814379,9.282537,0.066584,-0.018644,0.000000,-47.946000,22.783500,-18.574501,Start_gesture;
2019-04-09;17:06:56.210,-1.871826,-1.996296,8.889979,-0.013317,0.015980,0.010653,-48.556000,21.563500,-16.775000,Start_gesture;
2019-04-09;17:06:56.267,-1.890976,-1.938848,9.062322,0.039951,0.000000,0.026634,-47.946000,21.563500,-16.775000,Start_gesture;
2019-04-09;17:06:56.308,-1.977147,-1.890976,9.253813,0.042614,-0.013317,0.021307,-47.946000,20.374000,-16.775000,Start_gesture;
2019-04-09;17:06:56.365,-2.034594,-1.718634,9.272962,0.055931,-0.007990,0.039951,-47.946000,20.374000,-18.574501,9;
2019-04-09;17:06:56.414,-2.130340,-1.670761,9.186790,0.034624,-0.007990,0.023970,-46.146500,19.184500,-16.775000,9;
2019-04-09;17:06:56.459,-2.340980,-2.886730,9.751690,0.117188,0.002663,0.000000,-47.946000,19.764000,-18.574501,9;
2019-04-09;17:06:56.500,-2.235660,-4.830366,9.847435,0.245030,0.079901,0.103872,-47.366500,19.764000,-18.574501,9;
2019-04-09;17:06:56.540,-2.139914,-5.567607,10.192120,0.271664,0.138495,0.279654,-48.556000,19.184500,-19.184500,9;
2019-04-09;17:06:56.581,-1.795230,-7.520817,8.085716,-0.141159,0.436793,1.414251,-47.946000,17.964500,-17.385000,9;
2019-04-09;17:06:56.622,-1.584590,-6.994216,6.534637,0.122515,0.418150,1.957579,-43.767500,17.964500,-18.574501,9;
2019-04-09;17:06:56.662,-0.445217,-6.371870,4.763344,0.415486,0.319605,2.378392,-43.767500,14.365500,-15.585500,9;
2019-04-09;17:06:56.702,0.742028,-0.895221,4.246317,-0.407496,0.106535,3.262631,-40.168500,7.777500,-17.385000,9;
2019-04-09;17:06:56.744,1.977147,-0.809050,1.536717,-1.134597,-0.015980,3.286602,-40.168500,4.178500,-16.775000,9;
2019-04-09;17:06:56.784,2.570769,0.914371,1.431397,-1.209171,-0.705794,3.070869,-38.369000,0.579500,-16.775000,9;
2019-04-09;17:06:56.824,3.518651,4.466532,3.193116,-1.193191,-2.133361,1.819083,-39.558502,-2.989000,-19.184500,9;
2019-04-09;17:06:56.864,4.255892,4.897387,6.429318,-0.756398,-3.006947,1.217161,-41.968002,-2.989000,-24.583000,9;
2019-04-09;17:06:56.904,6.352721,6.927195,8.104865,-0.143822,-3.438414,0.652526,-41.968002,-6.588000,-28.182001,9;
2019-04-09;17:06:56.944,7.118686,9.416580,16.080475,-0.047941,-3.718068,-0.841626,-49.745500,-5.368000,-32.970500,9;
2019-04-09;17:06:56.984,6.774002,9.579348,19.594337,0.111862,-3.441077,-1.725865,-48.556000,-2.989000,-38.369000,9;
2019-04-09;17:06:57.024,8.009120,9.407005,19.594337,-0.063921,-2.695333,-2.729957,-52.765000,-2.379000,-38.369000,9;
2019-04-09;17:06:57.064,9.665519,1.766506,19.594337,-0.213070,-0.346238,-3.851237,-55.144000,3.568500,-39.558502,9;
2019-04-09;17:06:57.104,10.105948,-1.125011,19.594337,-0.284981,0.660516,-3.851237,-56.364002,7.167500,-40.748000,9;
2019-04-09;17:06:57.144,10.287866,-4.581427,19.594337,-0.671170,2.335778,-3.084185,-52.765000,8.967000,-37.759000,9;
2019-04-09;17:06:57.184,7.999545,-4.849515,12.758101,-0.673833,4.000386,-1.819083,-50.355500,13.176001,-32.970500,9;
2019-04-09;17:06:57.224,7.482519,-6.831449,6.754852,-0.639209,4.282703,-1.297062,-49.166000,14.365500,-28.761500,9;
2019-04-09;17:06:57.264,6.084633,-7.109111,2.618642,0.146485,3.997722,-0.703130,-47.946000,15.585500,-25.162500,9;
2019-04-09;17:06:57.306,2.589919,-2.771835,-1.957998,0.202416,3.156096,0.335585,-44.347000,14.365500,-20.374000,9;
2019-04-09;17:06:57.347,0.282450,1.163309,-5.127177,-0.615239,2.421006,0.724437,-44.957000,14.975500,-15.585500,9;
2019-04-09;17:06:57.388,-2.139914,1.603739,-4.906962,-1.337013,1.558073,0.561972,-44.347000,15.585500,-14.975500,9;
2019-04-09;17:06:57.431,-2.350555,3.011199,-3.154818,-1.302389,-0.319605,-0.607249,-44.957000,14.365500,-14.975500,9;
2019-04-09;17:06:57.471,-0.962243,1.651612,-2.494173,-1.054696,-1.158567,-0.884240,-41.968002,15.585500,-14.365500,9;
2019-04-09;17:06:57.511,0.579261,1.038840,0.167555,-0.375536,-2.002856,-1.033389,-44.347000,17.964500,-15.585500,9;
2019-04-09;17:06:57.551,4.887813,-2.149489,3.164392,-1.139924,-2.966997,-1.848381,-49.745500,21.563500,-20.374000,9;
2019-04-09;17:06:57.591,3.690993,-7.865501,2.532471,-1.994866,-3.321226,-2.295827,-52.155000,22.783500,-21.563500,9;
2019-04-09;17:06:57.631,6.343146,-5.969739,6.304848,0.181109,-4.003049,-2.130698,-55.754000,25.772501,-24.583000,9;
2019-04-09;17:06:57.671,8.564445,-11.972988,4.801642,0.383526,-4.146871,-1.265102,-59.963000,28.761500,-27.572000,9;
2019-04-09;17:06:57.711,11.781497,-6.898471,11.657027,3.068205,-4.322654,1.230478,-67.130500,22.173500,-38.369000,9;
2019-04-09;17:06:57.751,12.422992,-5.605905,18.617733,3.768672,-4.194812,1.938935,-68.930000,20.374000,-41.358000,9;
2019-04-09;17:06:57.791,14.433650,-4.945261,14.127264,2.833828,-3.004284,2.852472,-71.949500,14.975500,-43.767500,9;
2019-04-09;17:06:57.831,13.696408,4.763344,17.756021,1.667271,-1.291736,3.606206,-72.529000,8.387500,-44.347000,9;
2019-04-09;17:06:57.873,14.242159,-0.923945,12.365545,-1.001428,-0.151812,3.339869,-72.529000,7.777500,-47.366500,9;
2019-04-09;17:06:57.913,13.686834,-1.986721,6.965493,-0.276991,0.207743,3.465048,-71.339500,8.387500,-46.756500,9;
2019-04-09;17:06:57.953,10.067650,4.495256,5.261221,1.153240,0.471417,3.062878,-70.150000,2.379000,-46.146500,9;
2019-04-09;17:06:57.993,9.579348,4.667598,6.438892,0.641873,0.388852,2.474273,-69.540000,0.579500,-44.347000,9;
2019-04-09;17:06:58.033,7.836778,2.925028,5.711225,0.183773,0.226387,1.675261,-68.350500,0.000000,-44.347000,9;
2019-04-09;17:06:58.073,7.224006,1.450546,5.213348,0.242367,0.066584,1.081329,-67.740500,-1.189500,-46.146500,9;
2019-04-09;17:06:58.113,6.122931,1.115436,6.946343,0.434130,-0.138495,0.482070,-68.930000,-1.769000,-44.347000,9;
2019-04-09;17:06:58.153,6.448466,-3.633546,6.592085,-0.173119,-0.098545,-0.495387,-67.740500,-1.189500,-44.347000,9;
2019-04-09;17:06:58.193,6.419743,-3.403756,7.367624,0.031960,-0.109198,-0.548655,-67.740500,0.000000,-46.756500,Unknown;
2019-04-09;17:06:58.233,6.659107,-4.026103,7.080388,-0.210406,-0.010653,-0.519358,-68.350500,0.000000,-46.146500,Unknown;
2019-04-09;17:06:58.273,6.400594,-4.016528,7.080388,-0.199753,0.079901,-0.319605,-67.740500,0.000000,-45.567000,Unknown;
2019-04-09;17:06:58.313,6.438892,-4.342063,6.841023,-0.191763,0.101208,-0.202416,-67.740500,1.189500,-44.347000,Unknown;
2019-04-09;17:06:58.353,6.381444,-3.949506,7.291027,0.013317,0.079901,-0.111862,-68.350500,1.769000,-43.767500,Unknown;
2019-04-09;17:06:58.393,6.161230,-3.882484,7.291027,-0.106535,0.090555,0.042614,-68.930000,1.769000,-46.756500,Unknown;
2019-04-09;17:06:58.436,6.199528,-3.796313,7.539967,0.007990,0.090555,0.063921,-68.350500,0.000000,-44.347000,Unknown;
2019-04-09;17:06:58.477,6.525063,-3.892059,7.224006,0.021307,0.159802,0.119852,-67.130500,0.579500,-44.347000,Unknown;
2019-04-09;17:06:58.517,6.659107,-3.422905,6.649532,0.010653,0.295634,0.229050,-67.130500,0.579500,-46.756500,Unknown;
2019-04-09;17:06:58.557,6.094208,-3.518651,6.314423,-0.095881,0.269001,0.269001,-65.941000,0.579500,-46.146500,Unknown;
2019-04-09;17:06:58.597,6.218677,-3.365458,6.142080,0.023970,0.181109,0.263674,-65.941000,1.189500,-44.347000,Unknown;
2019-04-09;17:06:58.637,6.697405,-2.522897,6.113357,-0.063921,0.047941,0.167792,-65.941000,0.579500,-45.567000,Unknown;
2019-04-09;17:06:58.677,7.855927,-2.321831,7.147409,-0.170456,-0.002663,0.034624,-67.130500,1.769000,-43.157500,Unknown;
2019-04-09;17:06:58.717,8.957002,-1.057989,9.780414,-0.098545,0.063921,-0.125179,-65.941000,-1.189500,-45.567000,Unknown;
2019-04-09;17:06:58.762,9.024023,-1.594164,13.380448,-0.551318,1.243795,-0.162466,-64.141500,1.769000,-43.157500,Unknown;
2019-04-09;17:06:58.802,8.401677,-2.015445,14.500671,0.071911,1.733855,-0.183773,-63.531500,3.568500,-43.767500,Unknown;
2019-04-09;17:06:58.842,5.873993,-1.737783,14.902803,0.785695,2.780561,-0.569962,-58.163500,0.579500,-40.748000,Unknown;
2019-04-09;17:06:58.882,5.222923,-2.369704,13.457045,0.988111,3.148106,-1.012082,-53.344500,0.579500,-39.558502,Unknown;
2019-04-09;17:06:58.922,4.782493,-2.867581,11.513409,1.126607,3.401127,-1.345003,-49.745500,1.189500,-35.349500,Unknown;
2019-04-09;17:06:58.964,3.556949,-4.150572,10.029352,0.998765,3.379820,-1.496815,-47.366500,0.000000,-32.360500,Unknown;
2019-04-09;17:06:59.012,0.914371,-3.470778,7.051664,1.363647,2.828502,-1.582043,-41.968002,0.579500,-28.182001,Unknown;
2019-04-09;17:06:59.053,0.253726,-2.743112,6.716554,1.185201,2.114718,-1.632647,-40.748000,4.178500,-23.363000,Unknown;
2019-04-09;17:06:59.093,0.627134,-2.714388,6.381444,0.956151,1.563400,-1.832400,-41.358000,5.368000,-22.173500,Unknown;
2019-04-09;17:06:59.133,0.301599,-2.072892,6.333572,0.788358,1.065349,-1.909638,-40.748000,5.978000,-20.374000,Unknown;
2019-04-09;17:06:59.173,0.253726,-1.718634,5.960164,0.556645,0.820319,-1.904311,-41.968002,8.967000,-19.764000,Unknown;
2019-04-09;17:06:59.214,-0.071809,-1.335651,6.218677,0.266337,0.372872,-1.816420,-41.358000,11.986500,-20.374000,Unknown;
2019-04-09;17:06:59.254,-0.014362,-1.948423,6.065484,-0.146485,0.226387,-1.720539,-43.767500,14.975500,-19.184500,Unknown;
2019-04-09;17:06:59.295,0.301599,-2.810134,6.582510,-0.314278,0.165129,-1.467518,-44.957000,18.574501,-19.184500,Unknown;
2019-04-09;17:06:59.335,-0.435643,-3.461204,6.352721,-0.455437,0.255684,-0.942834,-45.567000,17.964500,-18.574501,Unknown;
2019-04-09;17:06:59.376,-1.613313,-1.881401,7.204857,0.149149,0.151812,-0.055931,-46.146500,17.964500,-16.775000,Unknown;
2019-04-09;17:06:59.416,-2.331405,-1.642037,7.444221,-0.063921,0.173119,-0.023970,-46.146500,19.764000,-17.385000,Unknown;
2019-04-09;17:06:59.456,-2.206936,-2.589919,8.411251,-0.085228,0.029297,-0.047941,-45.567000,17.964500,-19.184500,Unknown;
2019-04-09;17:06:59.496,-2.302682,-2.092042,8.813383,-0.101208,-0.050604,0.026634,-46.146500,19.764000,-16.775000,Unknown;
2019-04-09;17:06:59.537,-2.092042,-1.622888,9.301685,0.077238,-0.061258,0.061258,-47.946000,20.374000,-16.165000,Unknown;
2019-04-09;17:06:59.588,-2.398427,-1.680335,9.129343,-0.130505,0.000000,0.045277,-46.146500,17.964500,-17.385000,Start_gesture;
2019-04-09;17:06:59.633,-2.159063,-1.431397,9.464453,0.154476,-0.053267,0.055931,-44.347000,19.184500,-16.775000,Start_gesture;
2019-04-09;17:06:59.678,-2.120765,-1.689910,9.445304,0.013317,0.005327,0.039951,-44.957000,20.374000,-16.775000,Start_gesture;
2019-04-09;17:06:59.730,-2.216511,-1.306927,8.918703,0.026634,0.029297,0.039951,-44.957000,19.184500,-16.775000,Start_gesture;
2019-04-09;17:06:59.778,-2.283533,-1.230331,9.177217,0.071911,-0.021307,0.000000,-44.347000,16.775000,-16.775000,Start_gesture;
2019-04-09;17:06:59.819,-2.159063,-1.412248,8.947427,-0.026634,-0.002663,-0.021307,-44.347000,16.775000,-16.775000,Start_gesture;
2019-04-09;17:06:59.862,-2.130340,-1.584590,9.081471,0.077238,-0.029297,-0.013317,-45.567000,19.184500,-17.385000,Start_gesture;
2019-04-09;17:06:59.902,-2.178212,-1.843103,8.928278,-0.013317,0.000000,-0.010653,-47.366500,19.764000,-16.775000,Start_gesture;
2019-04-09;17:06:59.942,-2.044169,-1.460120,9.263388,0.061258,-0.029297,0.013317,-46.146500,20.374000,-17.385000,Start_gesture;
2019-04-09;17:06:59.983,-2.360129,-1.804805,9.033598,-0.069248,0.013317,0.005327,-44.347000,18.574501,-18.574501,Start_gesture;
2019-04-09;17:07:00.023,-2.130340,-1.594164,9.330409,0.077238,-0.018644,-0.015980,-46.146500,19.184500,-16.775000,Start_gesture;
2019-04-09;17:07:00.064,-2.159063,-1.536717,9.091045,0.045277,0.015980,-0.015980,-45.567000,16.775000,-19.184500,Start_gesture;
2019-04-09;17:07:00.104,-2.044169,-1.259055,8.899554,0.199753,0.000000,0.000000,-45.567000,19.764000,-16.775000,Start_gesture;
2019-04-09;17:07:00.146,-2.475024,-1.709059,8.784659,-0.093218,0.021307,0.039951,-46.146500,19.184500,-16.775000,Start_gesture;
2019-04-09;17:07:00.187,-2.369704,-1.239906,9.033598,0.085228,-0.034624,0.047941,-46.146500,19.184500,-16.165000,Start_gesture;
2019-04-09;17:07:00.227,-2.408002,-1.125011,9.272962,0.018644,0.000000,0.013317,-47.946000,17.964500,-16.165000,Start_gesture;
2019-04-09;17:07:00.267,-2.302682,-1.354800,9.378282,0.095881,-0.013317,-0.031960,-47.366500,19.184500,-16.775000,Start_gesture;
2019-04-09;17:07:00.307,-2.149489,-1.575015,9.359133,0.069248,0.021307,-0.050604,-45.567000,17.964500,-17.385000,Start_gesture;
2019-04-09;17:07:00.347,-1.996296,-1.460120,9.052747,0.101208,0.050604,-0.015980,-46.146500,18.574501,-17.385000,Start_gesture;
2019-04-09;17:07:00.387,-2.321831,-1.776081,8.554870,-0.021307,0.069248,0.010653,-47.366500,18.574501,-17.385000,Start_gesture;
2019-04-09;17:07:00.427,-2.178212,-1.689910,8.574018,0.074574,0.002663,0.021307,-46.146500,17.964500,-16.775000,Start_gesture;
2019-04-09;17:07:00.467,-2.398427,-1.555866,8.985725,0.023970,-0.090555,0.031960,-45.567000,20.374000,-17.385000,Start_gesture;
2019-04-09;17:07:00.507,-2.178212,-1.259055,9.071896,0.053267,-0.074574,-0.013317,-46.146500,18.574501,-16.775000,Start_gesture;
2019-04-09;17:07:00.547,-2.369704,-1.852678,9.215514,-0.095881,-0.042614,0.000000,-46.146500,18.574501,-16.775000,Start_gesture;
2019-04-09;17:07:00.588,-2.216511,-1.268629,9.387856,0.079901,-0.069248,0.023970,-46.146500,19.764000,-17.385000,Start_gesture;
2019-04-09;17:07:00.632,-2.360129,-1.316502,9.493176,0.031960,-0.023970,-0.010653,-46.146500,17.964500,-16.775000,Start_gesture;
2019-04-09;17:07:00.672,-2.360129,-1.239906,9.426155,0.063921,0.000000,-0.023970,-46.146500,17.964500,-16.775000,9;
2019-04-09;17:07:00.720,-2.484598,-1.393099,9.675094,0.034624,0.045277,-0.050604,-45.567000,19.184500,-16.775000,9;
2019-04-09;17:07:00.761,-2.781410,-2.752686,9.502751,-0.090555,0.111862,-0.039951,-44.347000,18.574501,-16.775000,9;
2019-04-09;17:07:00.801,-2.484598,-4.926111,9.378282,0.111862,0.165129,0.189099,-44.957000,19.764000,-18.574501,9;
2019-04-09;17:07:00.841,-2.551620,-6.151655,8.861256,0.021307,0.229050,0.559308,-44.347000,16.775000,-16.775000,9;
2019-04-09;17:07:00.881,-2.312256,-6.458041,8.315506,0.005327,0.242367,0.916200,-44.957000,17.964500,-16.775000,9;
2019-04-09;17:07:00.921,-1.670761,-5.692076,6.381444,-0.093218,0.261010,1.616667,-41.968002,15.585500,-16.775000,9;
2019-04-09;17:07:00.969,0.885647,-2.340980,4.198445,-0.817655,0.210406,2.460956,-41.358000,10.766500,-14.975500,9;
2019-04-09;17:07:01.010,2.226085,-0.598410,2.877155,-1.752499,0.167792,2.660709,-40.748000,8.967000,-14.975500,9;
2019-04-09;17:07:01.050,1.077138,0.512239,0.215428,-3.148106,-0.372872,2.828502,-39.558502,3.568500,-14.975500,9;
2019-04-09;17:07:01.091,2.589919,0.713305,3.528225,-1.904311,-1.808430,1.603350,-38.369000,0.579500,-16.165000,9;
2019-04-09;17:07:01.132,1.709059,0.799476,5.203774,-1.938935,-2.522214,0.873586,-37.759000,0.579500,-19.184500,9;
2019-04-09;17:07:01.173,3.738866,1.632462,8.746361,-0.372872,-3.435750,-0.135832,-41.358000,0.000000,-23.363000,9;
2019-04-09;17:07:01.213,6.304848,7.032515,17.679426,1.659281,-4.194812,-1.073339,-44.957000,1.189500,-32.360500,9;
2019-04-09;17:07:01.258,6.888896,7.932523,19.594337,0.833636,-3.632840,-1.832400,-48.556000,1.769000,-34.770000,9;
2019-04-09;17:07:01.303,8.899554,2.877155,19.594337,-1.060022,-1.512796,-3.483691,-52.765000,8.387500,-37.759000,9;
2019-04-09;17:07:01.344,9.129343,-6.084633,19.594337,-2.034817,0.311615,-3.611533,-55.144000,13.176001,-36.569500,9;
2019-04-09;17:07:01.385,8.104865,-10.029352,19.594337,-0.817655,1.360983,-2.857799,-56.943500,15.585500,-36.569500,9;
2019-04-09;17:07:01.425,6.965493,-6.285699,19.326250,0.628556,2.199946,-1.954915,-55.754000,16.775000,-36.569500,9;
2019-04-09;17:07:01.466,7.271879,-7.635712,13.830453,0.077238,3.582236,-1.259775,-53.344500,17.964500,-32.970500,9;
2019-04-09;17:07:01.506,6.898471,-6.601659,8.832532,0.503377,3.853900,-0.596595,-49.745500,18.574501,-28.182001,9;
2019-04-09;17:07:01.547,5.864419,-5.069730,4.715471,0.561972,3.808623,-0.242367,-49.745500,18.574501,-23.363000,9;
2019-04-09;17:07:01.587,4.246317,-4.705896,0.703730,-0.058594,3.544949,0.253020,-47.366500,19.184500,-21.563500,9;
2019-04-09;17:07:01.632,-0.502664,2.082467,-1.440971,-0.362219,2.191956,0.830972,-44.957000,17.964500,-16.165000,9;
2019-04-09;17:07:01.673,-2.197362,3.403756,-2.206936,-1.230478,1.582043,0.239704,-42.547500,16.775000,-13.176001,9;
2019-04-09;17:07:01.713,-1.412248,1.460120,-2.848432,-2.189292,0.980121,-0.572625,-42.547500,16.775000,-12.566000,9;
2019-04-09;17:07:01.753,-1.105862,-0.588835,-3.269712,-1.779133,-0.593932,-1.294399,-44.957000,20.374000,-9.577000,9;
2019-04-09;17:07:01.793,0.837774,-0.110107,-1.163309,-0.239704,-1.560736,-1.411587,-44.347000,19.184500,-8.387500,9;
2019-04-09;17:07:01.833,2.044169,-1.192033,0.406919,0.609912,-2.373065,-1.528776,-47.946000,23.363000,-10.766500,9;
2019-04-09;17:07:01.875,5.720800,-1.201607,4.725046,0.540665,-3.158760,-1.840390,-52.155000,25.162500,-17.385000,9;
2019-04-09;17:07:01.916,7.434646,-0.713305,3.509076,-0.759061,-3.228008,-2.088084,-53.954502,27.572000,-19.184500,9;
2019-04-09;17:07:01.956,6.553787,-8.248484,4.179296,-2.221253,-3.454394,-2.325124,-56.364002,29.371500,-20.984001,9;
2019-04-09;17:07:01.996,10.067650,-9.713391,10.431483,2.998957,-4.429189,-1.161230,-64.751500,31.171000,-24.583000,9;
2019-04-09;17:07:02.037,11.886817,-12.011286,9.646370,3.004284,-4.413208,-0.239704,-67.740500,29.981500,-30.561000,9;
2019-04-09;17:07:02.077,10.354887,-5.088879,13.840027,3.955108,-4.367931,0.876250,-71.339500,28.761500,-34.770000,9;
2019-04-09;17:07:02.120,13.773006,-4.705896,14.874080,3.116146,-2.980314,2.375728,-73.749000,21.563500,-41.968002,9;
2019-04-09;17:07:02.161,14.883655,-2.120765,12.834699,2.793878,-1.757826,3.302582,-76.738000,18.574501,-45.567000,9;
2019-04-09;17:07:02.201,14.749610,-0.531388,8.516571,2.620758,-1.036052,3.568919,-75.548500,12.566000,-46.146500,9;
2019-04-09;17:07:02.243,11.733624,3.106945,7.702734,3.081522,-0.103872,3.321226,-74.938500,4.788500,-46.756500,9;
2019-04-09;17:07:02.284,11.944264,6.371870,6.496339,2.082757,0.407496,3.102829,-71.949500,2.379000,-46.146500,9;
2019-04-09;17:07:02.324,10.144247,6.256975,5.663353,1.201181,0.617902,2.745937,-73.139000,-2.989000,-46.146500,9;
2019-04-09;17:07:02.364,7.501668,3.767590,5.816546,1.669935,0.466090,1.480835,-69.540000,-5.368000,-46.146500,9;
2019-04-09;17:07:02.404,5.854844,2.417577,5.893142,0.812329,0.311615,0.769715,-69.540000,-5.978000,-44.347000,9;
2019-04-09;17:07:02.452,6.620809,-2.752686,5.625054,-0.114525,-0.055931,-0.319605,-71.339500,-5.978000,-44.347000,9;
2019-04-09;17:07:02.493,7.003791,-2.408002,6.544212,0.061258,-0.141159,-0.375536,-70.150000,-5.978000,-45.567000,9;
2019-04-09;17:07:02.533,6.754852,-2.704813,6.841023,-0.284981,-0.125179,-0.362219,-69.540000,-5.368000,-44.347000,Unknown;
2019-04-09;17:07:02.573,6.774002,-3.087796,7.377199,0.010653,-0.127842,-0.269001,-69.540000,-4.178500,-45.567000,Unknown;
2019-04-09;17:07:02.613,6.869747,-2.810134,7.492094,-0.250357,-0.039951,-0.170456,-70.150000,-5.368000,-45.567000,Unknown;
2019-04-09;17:07:02.653,6.965493,-3.585673,6.783576,-0.370209,0.031960,-0.133169,-71.339500,-2.379000,-46.146500,Unknown;
2019-04-09;17:07:02.693,6.927195,-3.068647,6.917620,-0.026634,0.037287,-0.026634,-70.150000,-4.178500,-46.146500,Unknown;
2019-04-09;17:07:02.733,7.070813,-3.106945,6.687830,-0.106535,0.077238,0.053267,-70.150000,-2.989000,-44.347000,Unknown;
2019-04-09;17:07:02.773,6.821874,-2.666515,6.831449,0.010653,0.074574,0.079901,-69.540000,-2.379000,-45.567000,Unknown;
2019-04-09;17:07:02.813,6.936769,-2.676090,6.448466,-0.010653,0.095881,0.071911,-69.540000,-2.379000,-43.767500,Unknown;
2019-04-09;17:07:02.853,6.936769,-2.609068,6.639958,-0.002663,0.053267,0.047941,-70.150000,-2.989000,-45.567000,Unknown;
2019-04-09;17:07:02.893,6.994216,-2.283533,6.448466,-0.063921,0.037287,0.000000,-70.150000,-2.379000,-46.756500,Unknown;
2019-04-09;17:07:02.933,8.267632,-1.661186,6.888896,-0.181109,0.034624,-0.151812,2.348500,-3.324500,-32.604500,Unknown;
2019-04-09;17:07:02.973,10.038927,-0.521814,8.669765,-0.266337,0.159802,-0.276991,2.897500,-2.135000,-31.964000,Unknown;
2019-04-09;17:07:03.016,9.991054,0.330322,9.971905,-0.830972,0.556645,-0.391516,2.897500,-3.324500,-30.042500,Unknown;
2019-04-09;17:07:03.057,8.152739,-0.684581,13.533641,-0.729764,1.366310,-0.503377,3.446500,-0.335500,-31.964000,Unknown;
2019-04-09;17:07:03.097,8.669765,0.090958,15.391106,0.045277,1.853707,-0.687150,6.252500,0.823500,-31.964000,Unknown;
2019-04-09;17:07:03.137,7.511243,-0.722879,14.376203,0.234377,2.516887,-0.918864,9.607500,0.244000,-30.042500,Unknown;
2019-04-09;17:07:03.177,6.774002,-3.403756,12.633633,0.226387,3.334543,-1.422241,16.317501,0.823500,-25.589500,Unknown;
2019-04-09;17:07:03.217,6.122931,-4.839940,11.168725,0.322268,3.595553,-1.419578,20.252000,3.233000,-24.308500,Unknown;
2019-04-09;17:07:03.268,3.413331,-4.428234,9.024023,0.807002,3.571583,-1.211834,22.478500,3.233000,-17.324000,Unknown;
2019-04-09;17:07:03.309,2.273958,-4.705896,7.683585,0.777705,3.390473,-1.118617,26.962000,3.233000,-13.481000,Unknown;
2019-04-09;17:07:03.352,1.153735,-2.838857,6.821874,1.123943,2.487590,-1.147914,28.090500,5.032500,-9.028000,Unknown;
2019-04-09;17:07:03.393,0.952669,-2.618642,5.768673,0.918864,2.125371,-1.251785,29.768000,3.843000,-5.215500,Unknown;
2019-04-09;17:07:03.470,0.100533,-1.345226,5.050580,0.932180,1.278419,-1.456865,28.639500,8.021500,-3.934500,Unknown;
2019-04-09;17:07:03.528,-1.297353,-0.004787,4.954835,0.127842,0.498051,-1.531439,28.090500,11.620501,-2.013000,Unknown;
2019-04-09;17:07:03.574,-0.713305,-1.364375,4.954835,-0.609912,-0.130505,-1.989539,26.962000,14.609500,-0.732000,Unknown;
2019-04-09;17:07:03.615,0.770752,-3.556949,7.128260,-0.625892,-0.410159,-1.976222,24.156000,18.208500,-0.122000,Unknown;
2019-04-09;17:07:03.656,-0.406919,-3.853761,7.137835,-0.077238,-0.023970,-0.900220,23.607000,18.818500,-0.122000,Unknown;
2019-04-09;17:07:03.696,-1.804805,-2.178212,6.448466,0.173119,0.111862,-0.055931,22.478500,20.008000,-0.732000,Unknown;
2019-04-09;17:07:03.738,-2.484598,-1.680335,8.899554,0.074574,-0.034624,-0.053267,24.156000,18.818500,-2.013000,Unknown;
2019-04-09;17:07:03.779,-2.379278,-2.072892,9.311260,-0.085228,-0.133169,-0.095881,21.929500,20.008000,-0.122000,Unknown;
2019-04-09;17:07:03.819,-2.293107,-2.532471,8.937852,-0.010653,-0.090555,-0.079901,23.607000,20.008000,-0.732000,Unknown;
2019-04-09;17:07:03.863,-1.804805,-2.005870,9.244238,0.061258,0.000000,0.053267,22.478500,18.818500,-3.294000,Start_gesture;
2019-04-09;17:07:03.904,-2.178212,-1.938848,9.043172,-0.063921,0.042614,0.053267,21.929500,20.008000,-2.013000,Start_gesture;
2019-04-09;17:07:03.944,-2.360129,-2.226085,8.909128,-0.029297,0.026634,0.095881,23.607000,18.818500,0.488000,Start_gesture;
2019-04-09;17:07:03.984,-2.293107,-1.689910,9.416580,0.090555,-0.005327,0.103872,24.156000,18.208500,-1.372500,Start_gesture;
2019-04-09;17:07:04.024,-2.034594,-1.584590,9.368708,0.085228,0.007990,0.087891,23.607000,19.428501,-1.372500,Start_gesture;
2019-04-09;17:07:04.064,-2.283533,-1.584590,9.272962,0.021307,0.047941,0.069248,24.156000,18.818500,-1.372500,Start_gesture;
2019-04-09;17:07:04.104,-2.254809,-1.182458,9.138918,0.106535,0.015980,0.058594,23.607000,19.428501,0.488000,Start_gesture;
2019-04-09;17:07:04.145,-2.312256,-1.632462,8.937852,-0.079901,0.047941,0.047941,22.478500,18.818500,-1.372500,Start_gesture;
2019-04-09;17:07:04.186,-2.111191,-1.709059,8.392102,-0.034624,0.042614,0.037287,24.156000,18.208500,-2.013000,Start_gesture;
2019-04-09;17:07:04.226,-2.139914,-1.536717,8.947427,0.135832,-0.066584,0.037287,24.156000,18.818500,-1.372500,Start_gesture;
2019-04-09;17:07:04.266,-2.436726,-1.172884,9.339984,0.055931,-0.034624,0.034624,24.156000,18.818500,-1.372500,Start_gesture;
2019-04-09;17:07:04.306,-2.273958,-1.661186,9.225089,0.018644,0.005327,-0.010653,22.478500,18.208500,-0.732000,Start_gesture;
2019-04-09;17:07:04.347,-2.340980,-1.335651,9.234664,0.069248,0.007990,-0.018644,22.478500,18.208500,-2.013000,Start_gesture;
2019-04-09;17:07:04.387,-2.379278,-1.680335,9.301685,0.047941,-0.002663,-0.007990,24.156000,18.208500,-0.732000,Start_gesture;
2019-04-09;17:07:04.427,-2.475024,-1.651612,9.033598,-0.029297,0.047941,-0.026634,23.607000,18.818500,-0.732000,Start_gesture;
2019-04-09;17:07:04.467,-2.216511,-1.354800,8.813383,0.071911,0.023970,-0.021307,24.156000,20.008000,-2.013000,Start_gesture;
2019-04-09;17:07:04.507,-2.446300,-1.565441,8.612317,-0.042614,0.047941,-0.058594,21.350000,18.208500,-0.732000,Start_gesture;
2019-04-09;17:07:04.547,-2.273958,-1.747357,9.043172,0.026634,-0.007990,-0.021307,23.607000,18.818500,-2.013000,Start_gesture;
2019-04-09;17:07:04.587,-2.369704,-1.929274,9.110194,-0.002663,0.002663,-0.023970,24.156000,18.818500,-2.013000,Start_gesture;
2019-04-09;17:07:04.627,-2.302682,-1.469695,9.138918,0.122515,0.000000,-0.013317,23.607000,18.818500,-1.372500,9;
2019-04-09;17:07:04.668,-2.379278,-1.594164,9.186790,0.010653,0.037287,-0.010653,24.156000,18.208500,-3.294000,9;
2019-04-09;17:07:04.713,-2.599493,-1.546292,9.521900,0.119852,0.015980,0.013317,25.284500,18.208500,-0.732000,9;
2019-04-09;17:07:04.753,-2.848432,-2.723962,10.134672,0.058594,0.047941,0.005327,23.607000,18.818500,-1.372500,9;
2019-04-09;17:07:04.793,-3.126094,-6.381444,11.044255,0.415486,0.189099,0.170456,23.607000,17.629000,-2.013000,9;
2019-04-09;17:07:04.834,-2.982476,-6.525063,10.833615,0.593932,0.319605,0.583279,23.607000,18.818500,-1.372500,9;
2019-04-09;17:07:04.874,-2.695239,-5.759098,8.803808,0.607249,0.604586,1.179874,25.833500,16.409000,-0.732000,9;
2019-04-09;17:07:04.914,-1.680335,-4.619725,6.639958,0.540665,0.740418,2.106728,26.962000,12.840500,-1.372500,9;
2019-04-09;17:07:04.954,-1.038840,-3.413331,4.409085,0.343575,0.732428,2.572818,28.090500,9.241500,1.128500,9;
2019-04-09;17:07:04.995,-0.215428,-1.948423,3.892059,0.263674,0.511368,2.932373,28.639500,6.832000,1.128500,9;
2019-04-09;17:07:05.035,1.776081,1.632462,2.197362,-0.604586,0.074574,3.222681,30.866001,-2.135000,-0.122000,9;
2019-04-09;17:07:05.075,1.747357,2.302682,3.030348,-1.701895,-0.327595,3.049562,31.445500,-4.544500,0.488000,9;
2019-04-09;17:07:05.115,1.881401,4.322914,-0.349471,-1.962905,-1.246458,2.367738,29.188500,-8.723001,-2.013000,9;
2019-04-09;17:07:05.155,3.087796,5.050580,2.101616,-1.787123,-2.213263,1.560736,29.768000,-9.333000,-3.294000,9;
2019-04-09;17:07:05.195,6.850598,6.927195,9.100619,-1.345003,-3.371830,0.524684,26.962000,-9.943000,-10.309000,9;
2019-04-09;17:07:05.235,7.453795,7.855927,12.020861,-0.966804,-3.560929,-0.130505,25.284500,-9.333000,-13.481000,9;
2019-04-09;17:07:05.277,7.176133,10.718720,19.144333,-0.292971,-3.680781,-0.964141,22.478500,-8.723001,-17.324000,9;
2019-04-09;17:07:05.318,7.271879,9.521900,19.594337,-0.314278,-3.185394,-2.104064,20.801000,-6.344000,-24.308500,9;
2019-04-09;17:07:05.362,10.048501,3.183541,19.594337,-0.215733,-1.355657,-4.072297,15.219501,0.823500,-24.308500,9;
2019-04-09;17:07:05.403,10.058076,-1.172884,19.594337,-0.218397,-0.002663,-4.327980,15.219501,3.233000,-25.589500,9;
2019-04-09;17:07:05.443,9.560199,-5.423988,19.594337,0.031960,2.684679,-3.097502,17.995000,10.431000,-23.058000,9;
2019-04-09;17:07:05.483,8.822957,-5.634629,15.783663,0.282317,3.571583,-2.572818,19.672500,11.041000,-19.855501,9;
2019-04-09;17:07:05.523,8.459125,-6.323997,8.267632,0.338248,4.154861,-1.898985,20.801000,12.230500,-17.934000,9;
2019-04-09;17:07:05.563,4.466532,-5.845269,2.216511,0.495387,3.694098,-0.623229,25.833500,12.230500,-9.668500,9;
2019-04-09;17:07:05.603,1.613313,-2.542046,-1.287778,0.045277,3.243988,-0.087891,25.284500,12.840500,-6.466000,9;
2019-04-09;17:07:05.643,-0.732454,0.110107,-4.275041,-0.474080,2.591461,0.114525,26.962000,12.840500,-3.934500,9;
2019-04-09;17:07:05.683,-1.632462,2.092042,-4.399510,-0.705794,0.820319,-0.383526,28.090500,12.840500,-0.122000,9;
2019-04-09;17:07:05.723,-2.015445,2.589919,-5.222923,-0.767051,-0.284981,-0.572625,28.090500,12.840500,-0.732000,9;
2019-04-09;17:07:05.763,-0.952669,2.972901,-3.260138,-0.346238,-1.222488,-0.783031,27.511000,15.219501,-3.294000,9;
2019-04-09;17:07:05.803,2.637791,1.297353,-3.173967,-0.902883,-2.642065,-1.427568,22.478500,18.208500,-5.215500,9;
2019-04-09;17:07:05.845,4.830366,-0.483515,-2.886730,-1.134597,-3.441077,-1.281082,21.929500,20.008000,-7.106500,9;
2019-04-09;17:07:05.886,7.089962,-2.417577,-1.603739,-0.783031,-4.152198,-1.185201,19.672500,21.807500,-8.387500,9;
2019-04-09;17:07:05.927,11.666602,-5.730374,6.620809,1.339676,-5.457250,-0.729764,12.413500,22.417500,-18.574501,9;
2019-04-09;17:07:05.967,13.677259,-9.225089,11.034681,1.448875,-5.587756,-0.095881,8.479000,22.417500,-22.417500,9;
2019-04-09;17:07:06.008,15.123018,-6.726129,17.497509,2.484927,-5.329409,1.097309,2.348500,21.807500,-24.949000,9;
2019-04-09;17:07:06.051,18.062408,-3.154818,19.412422,1.965569,-3.792643,2.801868,-3.233000,15.829500,-29.402000,9;
2019-04-09;17:07:06.091,19.460295,-3.403756,17.717724,2.210599,-2.807195,3.126799,-4.910500,14.609500,-32.604500,9;
2019-04-09;17:07:06.131,14.663440,2.206936,14.002794,2.735284,-1.440885,3.752692,-4.361500,10.431000,-33.885500,9;
2019-04-09;17:07:06.171,12.968742,3.164392,9.177217,2.466283,0.189099,3.598216,-4.910500,3.843000,-35.136000,9;
2019-04-09;17:07:06.211,11.551707,3.250563,7.118686,1.914965,0.689813,3.062878,-4.361500,1.433500,-34.526000,9;
2019-04-09;17:07:06.252,11.599580,5.251646,6.927195,1.824410,0.873586,2.785888,-4.361500,-4.544500,-33.885500,9;
2019-04-09;17:07:06.292,11.427238,3.288861,1.957998,0.322268,1.225151,2.258540,-1.555500,-4.544500,-31.964000,9;
2019-04-09;17:07:06.333,6.314423,4.361212,2.915454,0.058594,0.716447,1.094646,1.220000,-5.734000,-28.792000,9;
2019-04-09;17:07:06.373,7.214431,-0.339897,2.896305,-0.300961,0.258347,0.127842,-0.427000,-3.324500,-30.683000,9;
2019-04-09;17:07:06.423,7.204857,-1.747357,6.247401,0.266337,-0.090555,-0.319605,1.220000,-6.344000,-31.964000,9;
2019-04-09;17:07:06.464,6.410168,-3.509076,6.352721,-0.330258,-0.015980,-0.332922,1.220000,-5.734000,-33.245000,Unknown;
2019-04-09;17:07:06.504,6.458041,-3.987804,6.994216,-0.173119,-0.039951,-0.335585,0.091500,-5.124000,-31.964000,Unknown;
2019-04-09;17:07:06.545,6.400594,-3.451629,7.204857,-0.231713,0.023970,-0.194426,-0.427000,-5.124000,-32.604500,Unknown;
2019-04-09;17:07:06.586,6.908045,-3.566524,7.147409,-0.159802,0.061258,-0.122515,0.091500,-4.544500,-31.964000,Unknown;
2019-04-09;17:07:06.626,7.003791,-3.020774,7.051664,-0.085228,0.117188,-0.023970,0.091500,-5.124000,-30.683000,Unknown;
2019-04-09;17:07:06.666,7.099536,-3.059072,6.649532,-0.183773,0.133169,0.034624,-0.976000,-4.544500,-30.683000,Unknown;
2019-04-09;17:07:06.706,6.898471,-2.340980,6.563361,-0.111862,0.127842,0.071911,1.220000,-4.544500,-31.964000,Unknown;
2019-04-09;17:07:06.746,6.994216,-2.302682,6.276124,-0.255684,0.191763,0.109198,2.348500,-3.324500,-31.964000,Unknown;
2019-04-09;17:07:06.786,7.176133,-2.388853,6.065484,-0.287644,0.167792,0.055931,1.220000,-2.745000,-30.042500,Unknown;
2019-04-09;17:07:06.826,9.081471,-0.962243,7.779330,-0.279654,0.114525,-0.101208,1.769000,-1.525000,-32.604500,Unknown;
2019-04-09;17:07:06.866,9.684668,-0.512239,9.292110,-0.553981,0.327595,-0.162466,1.769000,-2.745000,-30.683000,Unknown;
2019-04-09;17:07:06.906,8.995299,-0.981392,11.130426,-0.577952,0.649863,-0.143822,2.348500,0.244000,-31.964000,Unknown;
2019-04-09;17:07:06.946,8.516571,0.607985,13.543216,-0.340912,1.800440,-0.569962,4.026000,-1.525000,-30.683000,Unknown;
2019-04-09;17:07:06.989,7.606988,-0.809050,13.150659,-0.527348,2.394372,-0.809665,9.607500,0.823500,-31.964000,Unknown;
2019-04-09;17:07:07.030,5.931440,-2.589919,12.212352,0.018644,3.318562,-1.376964,14.640000,1.433500,-26.870500,Unknown;
2019-04-09;17:07:07.071,5.730374,-3.537800,11.733624,0.229050,3.443741,-1.653954,15.219501,1.433500,-23.668001,Unknown;
2019-04-09;17:07:07.111,5.165475,-4.054826,10.824040,0.484734,3.497008,-1.760489,20.252000,4.422500,-22.417500,Unknown;
2019-04-09;17:07:07.151,3.461204,-4.581427,8.995299,1.206508,2.980314,-1.779133,23.607000,4.422500,-17.324000,Unknown;
2019-04-09;17:07:07.192,2.360129,-5.079304,7.032515,1.219825,2.500907,-1.667271,25.833500,5.032500,-16.043000,Unknown;
2019-04-09;17:07:07.233,2.972901,-4.878239,7.396348,1.600687,1.867024,-1.555410,25.833500,5.642500,-10.949500,Unknown;
2019-04-09;17:07:07.273,1.957998,-3.011199,6.716554,1.693905,1.403597,-1.041379,25.833500,7.442000,-9.668500,Unknown;
2019-04-09;17:07:07.314,0.560112,-0.962243,6.381444,1.555410,1.299726,-0.878913,27.511000,9.241500,-9.668500,Unknown;
2019-04-09;17:07:07.354,-0.406919,-0.186704,5.739949,1.134597,1.166557,-0.916200,27.511000,6.832000,-7.106500,Unknown;
2019-04-09;17:07:07.394,-1.259055,0.799476,6.582510,0.484734,0.660516,-1.211834,26.962000,8.021500,-7.106500,Unknown;
2019-04-09;17:07:07.434,-1.354800,0.876072,6.563361,-0.282317,0.426140,-1.456865,27.511000,11.041000,-5.856000,Unknown;
2019-04-09;17:07:07.474,-0.952669,-0.071809,6.611234,-0.932180,0.274327,-1.629984,27.511000,12.230500,-5.215500,Unknown;
2019-04-09;17:07:07.514,-0.828200,-0.866498,6.812300,-1.113290,0.079901,-1.619331,24.735500,15.829500,-5.856000,Unknown;
2019-04-09;17:07:07.556,-0.607985,-2.867581,6.553787,-1.235805,0.000000,-1.408924,25.284500,17.629000,-1.372500,Unknown;
2019-04-09;17:07:07.596,-0.770752,-3.413331,6.774002,0.338248,-0.074574,-0.394179,23.607000,18.208500,-3.934500,Unknown;
2019-04-09;17:07:07.636,-2.369704,-1.105862,9.196365,0.609912,-0.117188,0.069248,24.156000,20.008000,-3.294000,Unknown;
2019-04-09;17:07:07.676,-2.398427,-0.636708,9.062322,0.037287,0.021307,0.162466,21.929500,18.818500,-2.013000,Unknown;
2019-04-09;17:07:07.716,-2.350555,-1.010116,9.215514,-0.167792,0.013317,-0.018644,24.735500,17.629000,-4.575000,Start_gesture;
2019-04-09;17:07:07.756,-1.823954,-0.981392,9.493176,0.058594,-0.045277,-0.135832,23.607000,20.008000,-3.294000,Start_gesture;
2019-04-09;17:07:07.796,-1.699485,-1.507993,8.957002,-0.087891,0.023970,-0.061258,23.607000,17.629000,-2.013000,Start_gesture;
2019-04-09;17:07:07.836,-1.737783,-1.709059,8.909128,-0.005327,0.000000,0.018644,24.156000,20.008000,-5.215500,Start_gesture;
2019-04-09;17:07:07.876,-2.092042,-1.019691,9.091045,0.077238,-0.015980,0.079901,24.735500,19.428501,-3.934500,Start_gesture;
2019-04-09;17:07:07.916,-2.139914,-1.632462,9.138918,-0.202416,0.002663,-0.029297,22.478500,18.818500,-3.934500,Start_gesture;
2019-04-09;17:07:07.956,-2.005870,-1.488844,9.426155,0.034624,-0.029297,0.013317,23.607000,19.428501,-3.934500,Start_gesture;
2019-04-09;17:07:07.996,-1.833528,-1.335651,9.339984,0.167792,-0.018644,0.005327,21.929500,20.008000,-3.934500,Start_gesture;
2019-04-09;17:07:08.036,-1.919699,-1.335651,9.359133,0.061258,0.018644,0.098545,23.607000,18.208500,-5.856000,Start_gesture;
2019-04-09;17:07:08.076,-2.053743,-0.971818,9.349558,0.071911,0.037287,0.061258,24.156000,19.428501,-3.934500,Start_gesture;
2019-04-09;17:07:08.118,-1.862252,-1.153735,9.138918,0.015980,0.037287,0.042614,21.929500,18.208500,-3.934500,Start_gesture;
2019-04-09;17:07:08.161,-1.977147,-0.923945,9.129343,0.015980,0.023970,0.047941,22.478500,18.818500,-3.934500,Start_gesture;
2019-04-09;17:07:08.201,-2.044169,-0.761178,9.339984,0.005327,0.018644,0.047941,21.350000,17.629000,-3.294000,Start_gesture;
2019-04-09;17:07:08.243,-1.948423,-1.125011,8.957002,0.000000,0.034624,0.005327,21.929500,20.008000,-5.215500,Start_gesture;
2019-04-09;17:07:08.283,-2.025020,-0.847349,9.320834,0.074574,-0.005327,0.047941,23.607000,18.818500,-2.013000,Start_gesture;
2019-04-09;17:07:08.323,-2.101616,-1.000542,9.205940,0.106535,0.031960,0.037287,22.478500,18.818500,-5.215500,Start_gesture;
2019-04-09;17:07:08.363,-2.034594,-0.655857,9.311260,0.191763,-0.010653,0.071911,23.607000,18.208500,-4.575000,Start_gesture;
2019-04-09;17:07:08.408,-2.015445,-0.809050,9.186790,0.058594,0.037287,-0.039951,23.607000,18.818500,-5.856000,Start_gesture;
2019-04-09;17:07:08.448,-2.053743,-1.086713,9.091045,-0.015980,0.026634,-0.037287,22.478500,17.629000,-3.294000,Start_gesture;
2019-04-09;17:07:08.491,-2.044169,-0.847349,9.110194,0.034624,0.000000,-0.007990,21.350000,18.208500,-5.215500,Start_gesture;
2019-04-09;17:07:08.531,-2.034594,-1.038840,9.024023,0.000000,-0.015980,-0.013317,24.156000,18.208500,-4.575000,Start_gesture;
2019-04-09;17:07:08.571,-1.996296,-1.029265,9.081471,-0.010653,-0.023970,-0.039951,22.478500,18.208500,-3.934500,Start_gesture;
2019-04-09;17:07:08.618,-2.072892,-1.077138,9.416580,0.026634,-0.034624,0.000000,21.350000,17.629000,-5.856000,Start_gesture;
2019-04-09;17:07:08.663,-2.130340,-1.096287,9.033598,-0.047941,0.010653,0.000000,24.156000,18.208500,-5.215500,Start_gesture;
2019-04-09;17:07:08.704,-2.053743,-0.904796,9.464453,0.085228,-0.034624,0.029297,24.156000,17.629000,-5.215500,Start_gesture;
2019-04-09;17:07:08.744,-2.005870,-0.684581,9.205940,0.047941,-0.002663,0.021307,22.478500,19.428501,-3.934500,9;
2019-04-09;17:07:08.784,-1.996296,-0.502664,9.474028,0.250357,-0.039951,0.034624,22.478500,18.208500,-3.934500,9;
2019-04-09;17:07:08.824,-2.264384,-0.722879,9.732541,0.042614,0.021307,-0.013317,24.156000,17.629000,-3.294000,9;
2019-04-09;17:07:08.864,-2.168638,-1.239906,9.828286,-0.077238,0.031960,-0.007990,23.607000,18.818500,-4.575000,9;
2019-04-09;17:07:08.904,-2.015445,-2.925028,11.494260,-0.018644,0.205080,0.183773,21.350000,18.818500,-5.856000,9;
2019-04-09;17:07:08.944,-2.570769,-5.088879,11.159150,-0.569962,0.396843,0.530011,22.478500,17.629000,-3.294000,9;
2019-04-09;17:07:08.984,-2.982476,-6.793150,10.259142,-0.276991,0.615239,0.945497,24.735500,18.208500,-3.294000,9;
2019-04-09;17:07:09.024,-2.379278,-6.333572,7.109111,-0.316941,0.894893,1.904311,25.833500,15.219501,-0.732000,9;
2019-04-09;17:07:09.064,-1.919699,-5.692076,4.820791,-0.388852,0.788358,2.298490,27.511000,12.840500,-0.732000,9;
2019-04-09;17:07:09.104,-1.469695,-3.652695,3.489927,-0.058594,0.487397,2.727294,28.090500,10.431000,1.128500,9;
2019-04-09;17:07:09.144,0.320748,0.368621,2.226085,-0.165129,-0.284981,2.887096,30.866001,0.823500,1.128500,9;
2019-04-09;17:07:09.184,0.675006,1.689910,1.594164,-1.044042,-0.660516,2.634075,31.445500,0.823500,0.488000,9;
2019-04-09;17:07:09.226,1.737783,3.154818,1.689910,-1.150577,-1.190528,2.226579,29.188500,-4.544500,-0.122000,9;
2019-04-09;17:07:09.266,5.079304,3.164392,3.260138,-1.725865,-2.210599,1.193191,29.188500,-6.923500,-5.856000,9;
2019-04-09;17:07:09.306,7.329326,5.021857,6.132506,-1.142587,-2.780561,1.033389,28.639500,-6.923500,-9.028000,9;
2019-04-09;17:07:09.346,6.055910,7.434646,11.436812,-0.500714,-3.600880,0.623229,26.962000,-6.923500,-14.762000,9;
2019-04-09;17:07:09.386,6.821874,8.727212,15.343233,-0.186436,-3.630177,-0.274327,25.284500,-6.923500,-14.762000,9;
2019-04-09;17:07:09.426,7.798480,7.358050,19.565615,-0.378199,-3.188057,-1.454201,21.350000,-5.734000,-21.136500,9;
2019-04-09;17:07:09.472,7.961247,5.548458,19.594337,0.258347,-2.090747,-2.732620,17.446001,-2.745000,-24.308500,9;
2019-04-09;17:07:09.518,7.836778,3.997379,19.594337,0.538001,-1.022735,-3.470374,16.897000,0.244000,-25.589500,9;
2019-04-09;17:07:09.562,8.641041,-0.627134,19.594337,0.340912,0.921527,-3.819276,14.640000,5.032500,-25.589500,9;
2019-04-09;17:07:09.602,10.086800,-2.695239,19.594337,0.514031,1.949589,-3.670127,16.317501,5.642500,-23.668001,9;
2019-04-09;17:07:09.642,9.521900,-6.132506,11.302769,0.681823,3.664801,-2.186629,19.672500,12.230500,-19.215000,9;
2019-04-09;17:07:09.682,6.572936,-6.170804,5.433563,0.897557,3.843247,-1.379627,21.929500,10.431000,-17.324000,9;
2019-04-09;17:07:09.722,4.600576,-4.658024,1.220756,1.123943,3.598216,-0.860269,22.478500,11.620501,-14.121500,9;
2019-04-09;17:07:09.762,3.566524,-2.235660,-0.761178,0.186436,3.220017,-0.567298,25.284500,11.620501,-11.590000,9;
2019-04-09;17:07:09.810,-0.847349,0.090958,-5.634629,-1.246458,1.603350,0.098545,26.962000,14.030000,-5.215500,9;
2019-04-09;17:07:09.851,-1.230331,2.072892,-5.098454,-1.145250,0.423476,0.061258,27.511000,10.431000,-1.372500,9;
2019-04-09;17:07:09.891,-0.502664,1.689910,-4.361212,-1.249122,-0.761725,-0.221060,27.511000,12.840500,-4.575000,9;
2019-04-09;17:07:09.931,0.732454,0.071809,-4.523980,-1.352993,-2.010846,-0.569962,26.962000,14.030000,-3.934500,9;
2019-04-09;17:07:09.971,4.322914,-2.034594,2.790984,0.058594,-4.407882,-0.950824,22.478500,16.409000,-9.668500,9;
2019-04-09;17:07:10.012,5.759098,-5.739949,4.887813,0.146485,-4.852665,-0.833636,19.672500,18.208500,-14.121500,9;
2019-04-09;17:07:10.052,9.904882,-6.161230,4.504831,0.804339,-4.991160,-0.316941,16.317501,18.208500,-19.855501,9;
2019-04-09;17:07:10.093,12.719804,0.952669,16.846440,3.805960,-5.150962,2.128035,9.058500,11.620501,-28.151500,9;
2019-04-09;17:07:10.134,15.161317,-5.471861,15.821961,1.486162,-3.861890,2.881769,5.124000,10.431000,-29.402000,9;
2019-04-09;17:07:10.174,14.462374,-4.447383,18.713478,1.800440,-3.193384,3.497008,2.897500,4.422500,-30.683000,9;
2019-04-09;17:07:10.214,17.382614,-0.550537,12.490014,1.078666,-0.977458,4.104257,-0.976000,0.244000,-33.245000,9;
2019-04-09;17:07:10.254,17.899641,2.503747,11.149575,2.532867,-0.404833,4.192148,-2.104500,-3.324500,-33.245000,9;
2019-04-09;17:07:10.294,15.783663,7.166558,10.431483,3.473038,0.127842,4.122901,-1.555500,-8.723001,-31.964000,9;
2019-04-09;17:07:10.334,11.743198,6.735704,4.600576,0.356892,1.278419,3.283938,-2.104500,-9.333000,-29.402000,9;
2019-04-09;17:07:10.376,11.666602,4.830366,4.543129,0.175783,1.201181,2.828502,-2.104500,-12.322000,-29.402000,9;
2019-04-09;17:07:10.416,10.335738,6.343146,1.929274,0.556645,1.054696,2.218589,-1.555500,-12.322000,-30.042500,9;
2019-04-09;17:07:10.456,6.467616,3.681418,4.150572,0.346238,0.527348,1.624657,-0.976000,-12.932000,-28.792000,9;
2019-04-09;17:07:10.496,7.156984,0.196278,5.902717,0.426140,-0.058594,0.106535,1.220000,-15.341500,-29.402000,9;
2019-04-09;17:07:10.536,6.161230,-2.025020,6.496339,-0.090555,-0.114525,-0.050604,-2.104500,-13.542000,-28.151500,9;
2019-04-09;17:07:10.576,7.243155,-2.044169,6.276124,-0.002663,0.010653,-0.242367,-1.555500,-14.121500,-28.151500,9;
2019-04-09;17:07:10.616,6.687830,-2.034594,7.003791,-0.282317,0.101208,-0.125179,-2.104500,-15.921000,-29.402000,9;
2019-04-09;17:07:10.656,6.649532,-2.867581,7.042089,-0.383526,0.109198,-0.221060,-3.782000,-12.932000,-31.964000,Unknown;
2019-04-09;17:07:10.696,6.783576,-2.159063,7.396348,-0.031960,0.026634,-0.194426,-0.976000,-15.341500,-29.402000,Unknown;
2019-04-09;17:07:10.736,6.410168,-2.771835,7.156984,-0.383526,0.151812,-0.162466,0.091500,-13.542000,-30.683000,Unknown;
2019-04-09;17:07:10.776,6.304848,-2.838857,7.348475,-0.218397,0.079901,-0.135832,-0.976000,-9.943000,-29.402000,Unknown;
2019-04-09;17:07:10.816,6.611234,-2.676090,7.291027,-0.223723,0.082565,-0.103872,1.220000,-11.742500,-30.042500,Unknown;
2019-04-09;17:07:10.856,6.898471,-2.331405,6.879322,-0.141159,0.101208,-0.114525,-0.976000,-12.932000,-30.683000,Unknown;
