2019-04-05;16:53:43.011,2.072892,2.005870,9.148493,0.045277,0.053267,0.034624,-44.957000,-26.962000,-20.374000,Unknown;
2019-04-05;16:53:43.053,2.197362,2.503747,9.081471,-0.013317,0.055931,-0.037287,-45.567000,-30.561000,-20.984001,Unknown;
2019-04-05;16:53:43.093,2.178212,2.800559,9.033598,-0.074574,0.037287,-0.109198,-45.567000,-30.561000,-20.374000,Unknown;
2019-04-05;16:53:43.133,2.034594,2.494173,9.062322,-0.138495,0.018644,-0.237040,-44.957000,-29.981500,-20.984001,Unknown;
2019-04-05;16:53:43.173,2.302682,1.249480,9.588923,-0.021307,-0.002663,-0.189099,-42.547500,-30.561000,-20.984001,Unknown;
2019-04-05;16:53:43.213,2.264384,0.703730,8.985725,-0.053267,0.007990,-0.079901,-44.347000,-29.371500,-20.984001,Unknown;
2019-04-05;16:53:43.253,2.130340,1.326077,9.071896,0.087891,-0.026634,0.047941,-43.767500,-29.371500,-20.984001,Unknown;
2019-04-05;16:53:43.293,2.446300,2.781410,9.138918,0.117188,-0.058594,0.063921,-43.767500,-29.371500,-20.984001,Unknown;
2019-04-05;16:53:43.333,2.245235,2.858006,9.617646,0.178446,-0.023970,0.029297,-45.567000,-29.981500,-19.764000,Unknown;
2019-04-05;16:53:43.373,2.015445,2.111191,9.541050,0.119852,0.031960,-0.042614,-42.547500,-30.561000,-19.184500,Unknown;
2019-04-05;16:53:43.413,1.948423,1.622888,9.234664,0.114525,0.053267,-0.082565,-43.767500,-27.572000,-21.563500,Unknown;
2019-04-05;16:53:43.453,1.680335,1.929274,9.014449,0.130505,0.055931,-0.050604,-42.547500,-29.981500,-20.374000,Unknown;
2019-04-05;16:53:43.493,1.929274,1.977147,9.234664,0.127842,0.055931,-0.021307,-43.767500,-29.371500,-20.374000,Unknown;
2019-04-05;16:53:43.533,2.197362,2.532471,9.158067,0.255684,0.018644,-0.061258,-42.547500,-29.371500,-21.563500,Unknown;
2019-04-05;16:53:43.623,2.321831,2.283533,8.822957,0.087891,-0.007990,-0.101208,-42.547500,-29.981500,-19.184500,Unknown;
2019-04-05;16:53:43.664,1.804805,2.053743,9.081471,0.079901,-0.042614,-0.023970,-41.968002,-31.171000,-19.764000,Unknown;
2019-04-05;16:53:43.704,1.680335,2.312256,9.043172,0.127842,-0.055931,-0.058594,-42.547500,-28.182001,-19.764000,Unknown;
2019-04-05;16:53:43.744,1.833528,2.331405,9.301685,0.074574,0.005327,0.034624,-41.968002,-29.981500,-19.184500,Unknown;
2019-04-05;16:53:43.784,1.814379,1.919699,9.081471,0.002663,0.055931,0.018644,-43.767500,-29.371500,-18.574501,Unknown;
2019-04-05;16:53:43.824,1.699485,2.475024,8.937852,0.122515,0.058594,0.098545,-43.767500,-31.171000,-19.764000,Unknown;
2019-04-05;16:53:43.864,1.814379,2.934603,8.899554,0.093218,0.079901,0.034624,-43.767500,-29.371500,-18.574501,Unknown;
2019-04-05;16:53:43.904,1.776081,2.752686,8.851681,0.055931,0.061258,-0.013317,-43.767500,-29.371500,-17.385000,Unknown;
2019-04-05;16:53:43.944,1.756932,2.513322,8.669765,0.000000,0.021307,-0.002663,-43.767500,-28.182001,-19.184500,Unknown;
2019-04-05;16:53:43.984,1.977147,2.867581,8.794233,0.029297,-0.034624,-0.026634,-44.347000,-29.981500,-19.184500,Unknown;
2019-04-05;16:53:44.024,1.957998,2.676090,8.660190,-0.069248,-0.047941,-0.063921,-44.347000,-28.182001,-19.184500,Unknown;
2019-04-05;16:53:44.064,1.622888,2.628217,8.803808,-0.023970,-0.085228,-0.042614,-43.767500,-28.182001,-19.764000,Unknown;
2019-04-05;16:53:44.104,1.575015,2.647366,9.167642,-0.077238,-0.069248,-0.058594,-41.968002,-29.371500,-19.184500,Unknown;
2019-04-05;16:53:44.144,1.383524,2.858006,8.822957,-0.146485,-0.066584,-0.045277,-43.767500,-30.561000,-18.574501,Unknown;
2019-04-05;16:53:44.185,2.609068,4.753769,8.937852,-0.311615,-0.221060,-0.274327,-42.547500,-28.182001,-19.184500,Unknown;
2019-04-05;16:53:44.226,2.685664,4.504831,7.319751,-0.471417,-0.284981,-0.972131,-41.358000,-28.182001,-20.984001,Unknown;
2019-04-05;16:53:44.266,3.480353,3.853761,6.984642,-0.716447,-0.442120,-1.611340,-41.968002,-28.182001,-22.173500,Unknown;
2019-04-05;16:53:44.306,4.035677,3.154818,6.649532,-0.817655,-0.649863,-2.205272,-38.369000,-26.962000,-20.984001,Unknown;
2019-04-05;16:53:44.346,5.299519,2.800559,7.855927,-1.036052,-1.014745,-2.876442,-34.160000,-23.363000,-23.363000,Unknown;
2019-04-05;16:53:44.386,5.471861,1.910125,8.698488,-1.403597,-1.102636,-3.068205,-31.750500,-19.764000,-26.382500,Unknown;
2019-04-05;16:53:44.426,5.749524,1.852678,9.579348,-1.526112,-1.107963,-3.081522,-29.981500,-18.574501,-29.371500,Unknown;
2019-04-05;16:53:44.466,5.921866,1.172884,9.857010,-1.576717,-0.993438,-3.049562,-29.371500,-13.176001,-31.750500,Unknown;
2019-04-05;16:53:44.506,4.926111,0.732454,10.038927,-1.171884,-0.580615,-2.554174,-29.371500,-9.577000,-31.750500,Unknown;
2019-04-05;16:53:44.546,4.973984,0.349471,10.211268,-1.004092,-0.490061,-2.386382,-28.761500,-7.777500,-34.770000,Unknown;
2019-04-05;16:53:44.586,5.002708,-0.473941,10.029352,-0.868259,-0.383526,-2.215926,-28.182001,-5.368000,-34.160000,Unknown;
2019-04-05;16:53:44.626,3.834611,0.225002,9.675094,-0.311615,-0.159802,-1.829737,-29.371500,0.000000,-34.770000,Unknown;
2019-04-05;16:53:44.666,3.652695,-0.081384,9.569773,-0.237040,-0.085228,-1.744509,-29.371500,1.189500,-36.569500,Unknown;
2019-04-05;16:53:44.706,3.308011,0.196278,9.751690,-0.079901,-0.039951,-1.651291,-28.182001,1.189500,-34.770000,Unknown;
2019-04-05;16:53:44.747,3.317585,0.426068,9.598496,-0.159802,0.058594,-1.491489,-28.761500,3.568500,-34.770000,Unknown;
2019-04-05;16:53:44.787,2.982476,0.282450,9.100619,-0.247694,0.247694,-1.177211,-29.371500,8.387500,-36.569500,Unknown;
2019-04-05;16:53:44.827,2.743112,0.454792,8.889979,-0.279654,0.303624,-1.046705,-29.981500,7.167500,-34.160000,Unknown;
2019-04-05;16:53:44.867,2.264384,0.761178,8.564445,-0.327595,0.375536,-0.769715,-29.981500,9.577000,-34.160000,Unknown;
2019-04-05;16:53:44.907,2.101616,0.789901,8.583593,-0.364882,0.383526,-0.583279,-28.761500,11.376500,-34.160000,Unknown;
2019-04-05;16:53:44.947,1.910125,0.751603,9.043172,-0.314278,0.356892,-0.253020,-28.761500,11.376500,-33.550000,Unknown;
2019-04-05;16:53:44.987,2.350555,0.770752,9.713391,-0.391516,0.279654,-0.170456,-28.182001,12.566000,-33.550000,Unknown;
2019-04-05;16:53:45.027,2.226085,0.292024,9.971905,-0.484734,0.282317,-0.165129,-27.572000,11.986500,-30.561000,Unknown;
2019-04-05;16:53:45.067,1.402673,0.349471,10.058076,-0.394179,0.348902,-0.050604,-29.371500,11.986500,-32.970500,Unknown;
2019-04-05;16:53:45.107,0.244151,0.387770,9.837861,-0.410159,0.596595,0.000000,-29.371500,13.176001,-30.561000,Unknown;
2019-04-05;16:53:45.147,0.292024,0.253726,9.981480,-0.396843,0.641873,-0.042614,-28.182001,12.566000,-30.561000,Unknown;
2019-04-05;16:53:45.187,0.627134,-0.454792,9.933606,-0.508704,0.652526,-0.141159,-29.371500,14.975500,-30.561000,Unknown;
2019-04-05;16:53:45.227,0.311173,-1.067564,10.603826,-0.514031,0.503377,-0.122515,-26.382500,13.176001,-29.371500,Unknown;
2019-04-05;16:53:45.267,0.052660,-0.895221,10.383611,-0.407496,0.468754,-0.055931,-28.182001,14.365500,-26.382500,Unknown;
2019-04-05;16:53:45.308,-0.378195,-0.799476,10.364462,-0.346238,0.487397,-0.082565,-26.382500,14.365500,-26.382500,Unknown;
2019-04-05;16:53:45.348,0.043086,-0.493090,10.680422,-0.266337,0.479407,-0.162466,-26.382500,14.975500,-26.382500,Unknown;
2019-04-05;16:53:45.388,-0.301599,-1.373949,9.761265,-0.300961,0.543328,-0.367545,-27.572000,14.365500,-25.772501,Unknown;
2019-04-05;16:53:45.428,-0.378195,-1.718634,9.655944,-0.218397,0.452773,-0.426140,-27.572000,16.165000,-23.973000,Unknown;
2019-04-05;16:53:45.468,-0.560112,-2.092042,9.627220,-0.210406,0.428803,-0.479407,-27.572000,16.165000,-23.973000,Unknown;
2019-04-05;16:53:45.508,0.138831,-1.345226,10.383611,-0.021307,0.330258,-0.553981,-28.182001,17.964500,-23.363000,Unknown;
2019-04-05;16:53:45.548,-0.416493,-1.651612,9.339984,-0.263674,0.410159,-0.615239,-27.572000,16.775000,-23.973000,Unknown;
2019-04-05;16:53:45.588,0.311173,-1.163309,9.052747,-0.327595,0.284981,-1.025398,-28.761500,18.574501,-21.563500,Unknown;
2019-04-05;16:53:45.628,0.253726,-2.532471,8.305931,-0.593932,0.207743,-1.078666,-28.761500,19.184500,-22.173500,Unknown;
2019-04-05;16:53:45.668,-1.010116,-2.542046,9.761265,-0.250357,-0.018644,-0.828309,-29.371500,22.783500,-20.984001,Unknown;
2019-04-05;16:53:45.708,0.052660,-2.005870,9.033598,0.082565,0.010653,-0.596595,-29.981500,22.783500,-21.563500,Unknown;
2019-04-05;16:53:45.748,1.230331,-2.226085,9.292110,0.071911,0.039951,-0.649863,-29.371500,23.363000,-21.563500,Unknown;
2019-04-05;16:53:45.788,1.536717,-2.082467,9.885734,0.050604,0.058594,-0.607249,-32.360500,23.973000,-22.173500,Unknown;
2019-04-05;16:53:45.828,-0.196278,-1.239906,10.431483,0.053267,0.149149,-0.415486,-32.970500,23.973000,-22.173500,Unknown;
2019-04-05;16:53:45.869,0.052660,-1.000542,9.636795,0.063921,0.223723,-0.426140,-31.750500,23.363000,-22.173500,Unknown;
2019-04-05;16:53:45.911,-0.090958,-0.569686,8.717637,0.218397,0.234377,-0.087891,-34.770000,25.162500,-19.764000,Unknown;
2019-04-05;16:53:45.952,-0.090958,-0.205853,8.334655,0.250357,0.213070,-0.002663,-32.970500,26.382500,-20.984001,Unknown;
2019-04-05;16:53:45.992,-0.493090,-0.234577,8.305931,0.186436,0.170456,0.045277,-32.360500,25.162500,-22.173500,Unknown;
2019-04-05;16:53:46.032,-1.115436,0.320748,8.219760,-0.010653,0.114525,0.053267,-32.970500,25.162500,-21.563500,Unknown;
2019-04-05;16:53:46.072,-0.837774,0.023936,8.459125,-0.047941,0.042614,-0.026634,-33.550000,25.162500,-20.984001,Unknown;
2019-04-05;16:53:46.112,-0.387770,-0.301599,8.277207,-0.085228,-0.007990,-0.031960,-32.360500,23.973000,-19.764000,Unknown;
2019-04-05;16:53:46.152,0.004787,-0.349471,8.957002,-0.023970,-0.098545,0.165129,-32.360500,23.363000,-21.563500,Unknown;
2019-04-05;16:53:46.192,-0.339897,-0.416493,9.129343,-0.093218,-0.066584,0.223723,-32.360500,25.162500,-19.764000,Unknown;
2019-04-05;16:53:46.232,-0.225002,-0.043086,10.000628,-0.039951,-0.162466,0.239704,-34.160000,25.772501,-22.173500,Unknown;
2019-04-05;16:53:46.272,-0.464366,0.301599,10.555953,-0.002663,-0.173119,0.170456,-32.360500,25.772501,-21.563500,Unknown;
2019-04-05;16:53:46.312,-0.809050,-0.157980,9.943181,0.087891,0.018644,0.034624,-32.970500,25.162500,-22.173500,Unknown;
2019-04-05;16:53:46.352,-0.952669,-0.617559,9.272962,0.050604,0.095881,0.013317,-31.750500,22.783500,-22.173500,Unknown;
2019-04-05;16:53:46.392,-1.096287,-1.536717,8.784659,0.071911,0.079901,-0.023970,-32.970500,23.973000,-21.563500,Unknown;
2019-04-05;16:53:46.433,-0.359046,-1.843103,9.091045,0.274327,-0.071911,-0.047941,-30.561000,22.783500,-21.563500,Unknown;
2019-04-05;16:53:46.474,0.320748,-1.871826,9.024023,0.135832,-0.037287,0.000000,-32.360500,22.783500,-20.374000,Unknown;
2019-04-05;16:53:46.514,0.761178,-2.025020,8.612317,0.010653,-0.005327,0.045277,-32.970500,23.363000,-20.984001,Unknown;
2019-04-05;16:53:46.554,-0.100533,-1.651612,9.991054,-0.119852,-0.114525,0.090555,-31.750500,23.973000,-23.363000,Unknown;
2019-04-05;16:53:46.594,-0.473941,-1.383524,10.220843,-0.106535,-0.149149,0.074574,-32.360500,25.162500,-20.374000,Unknown;
2019-04-05;16:53:46.634,-0.292024,-1.220756,10.211268,-0.042614,-0.077238,0.000000,-34.160000,23.973000,-23.363000,Unknown;
2019-04-05;16:53:46.674,0.062235,-1.565441,9.904882,-0.303624,0.194426,-0.093218,-33.550000,25.162500,-21.563500,Unknown;
2019-04-05;16:53:46.714,-0.215428,-1.776081,9.502751,-0.247694,0.221060,-0.095881,-32.360500,22.783500,-21.563500,Unknown;
2019-04-05;16:53:46.754,-0.713305,-1.575015,9.253813,-0.159802,0.207743,-0.074574,-31.750500,25.772501,-19.764000,Unknown;
2019-04-05;16:53:46.794,-1.823954,-1.900550,9.742115,-0.007990,-0.101208,-0.127842,-32.970500,23.973000,-20.984001,Unknown;
2019-04-05;16:53:46.834,-1.000542,-1.536717,10.010203,0.151812,-0.138495,-0.199753,-34.160000,23.363000,-21.563500,Unknown;
2019-04-05;16:53:46.874,-0.014362,-2.168638,9.119769,-0.087891,0.039951,-0.205080,-32.970500,25.772501,-20.374000,Unknown;
2019-04-05;16:53:46.914,-0.167555,-2.178212,8.842107,-0.239704,0.114525,0.159802,-32.360500,25.772501,-20.374000,Unknown;
2019-04-05;16:53:46.954,-0.636708,-1.517568,9.215514,-0.223723,0.021307,0.186436,-33.550000,26.382500,-20.374000,Unknown;
2019-04-05;16:53:46.995,-0.799476,-1.019691,10.048501,-0.130505,-0.047941,0.141159,-34.160000,23.973000,-20.984001,Unknown;
2019-04-05;16:53:47.036,-0.866498,-0.263300,9.512326,-0.026634,0.101208,0.026634,-32.970500,23.363000,-19.764000,Unknown;
2019-04-05;16:53:47.076,-0.818625,-0.962243,9.177217,-0.173119,0.095881,-0.037287,-32.970500,23.973000,-19.764000,Unknown;
2019-04-05;16:53:47.116,-0.617559,-1.163309,9.627220,-0.063921,0.023970,-0.077238,-30.561000,23.973000,-19.184500,Unknown;
2019-04-05;16:53:47.156,-0.569686,-1.134585,9.483603,-0.007990,0.015980,-0.066584,-32.970500,25.162500,-19.764000,Start_gesture;
2019-04-05;16:53:47.196,-0.445217,-1.105862,8.497422,-0.127842,0.063921,-0.034624,-32.970500,26.382500,-19.184500,Start_gesture;
2019-04-05;16:53:47.236,-0.866498,-1.172884,8.803808,-0.103872,0.000000,0.007990,-33.550000,25.772501,-19.184500,Start_gesture;
2019-04-05;16:53:47.276,-0.943094,-1.278204,9.253813,0.045277,-0.090555,-0.050604,-32.970500,25.162500,-19.764000,Start_gesture;
2019-04-05;16:53:47.316,-0.818625,-1.440971,9.703817,0.058594,-0.101208,-0.143822,-33.550000,23.973000,-19.764000,Start_gesture;
2019-04-05;16:53:47.356,-0.531388,-2.063318,9.713391,-0.055931,-0.055931,-0.130505,-32.360500,26.382500,-20.984001,Start_gesture;
2019-04-05;16:53:47.396,-0.607985,-2.092042,9.770839,-0.034624,0.000000,-0.042614,-34.160000,25.772501,-20.374000,Start_gesture;
2019-04-05;16:53:47.436,-0.598410,-1.919699,9.550624,-0.034624,0.029297,0.005327,-35.959500,23.973000,-19.764000,Start_gesture;
2019-04-05;16:53:47.476,-0.675006,-1.862252,9.359133,-0.087891,0.045277,0.021307,-34.160000,22.783500,-19.184500,Start_gesture;
2019-04-05;16:53:47.516,-0.569686,-1.718634,9.282537,-0.058594,0.026634,0.042614,-33.550000,26.382500,-19.184500,Start_gesture;
2019-04-05;16:53:47.557,-0.742028,-1.737783,9.301685,-0.042614,0.018644,0.055931,-33.550000,25.772501,-18.574501,Start_gesture;
2019-04-05;16:53:47.598,-0.694156,-1.689910,9.579348,0.037287,-0.021307,0.042614,-33.550000,25.772501,-19.764000,Start_gesture;
2019-04-05;16:53:47.638,-0.675006,-1.929274,9.407005,-0.039951,0.007990,0.047941,-34.770000,25.772501,-19.764000,Start_gesture;
2019-04-05;16:53:47.678,-0.531388,-1.699485,9.387856,0.010653,0.002663,0.055931,-33.550000,23.973000,-19.764000,Start_gesture;
2019-04-05;16:53:47.718,-0.665432,-1.785656,9.368708,-0.063921,0.007990,0.074574,-33.550000,25.162500,-20.374000,Start_gesture;
2019-04-05;16:53:47.758,-0.588835,-1.517568,9.474028,0.002663,0.000000,0.066584,-32.970500,23.973000,-19.184500,Start_gesture;
2019-04-05;16:53:47.798,-0.588835,-1.632462,9.483603,-0.082565,0.007990,0.029297,-33.550000,25.772501,-19.184500,Start_gesture;
2019-04-05;16:53:47.838,-0.569686,-1.642037,9.416580,-0.063921,0.013317,0.015980,-34.770000,25.772501,-19.184500,Start_gesture;
2019-04-05;16:53:47.878,-0.512239,-1.833528,9.636795,-0.058594,0.005327,0.023970,-32.360500,26.382500,-19.184500,Start_gesture;
2019-04-05;16:53:47.918,-0.531388,-1.747357,9.454879,-0.135832,-0.005327,0.058594,-32.970500,25.162500,-19.764000,Start_gesture;
2019-04-05;16:53:47.958,-0.426068,-1.938848,9.301685,-0.130505,0.015980,0.007990,-32.970500,23.363000,-19.184500,Start_gesture;
2019-04-05;16:53:47.998,-0.703730,-1.862252,9.062322,-0.106535,0.029297,-0.005327,-32.970500,25.772501,-18.574501,Start_gesture;
2019-04-05;16:53:48.038,-0.684581,-1.776081,9.378282,0.000000,0.021307,-0.037287,-32.360500,25.772501,-19.764000,Start_gesture;
2019-04-05;16:53:48.078,-0.684581,-1.900550,9.435729,-0.023970,0.013317,-0.063921,-32.970500,23.363000,-20.374000,Start_gesture;
2019-04-05;16:53:48.119,-0.684581,-1.919699,9.426155,-0.010653,0.007990,-0.069248,-33.550000,25.772501,-19.764000,Start_gesture;
2019-04-05;16:53:48.160,-0.665432,-1.986721,9.474028,0.015980,0.018644,-0.061258,-32.970500,23.973000,-19.184500,Start_gesture;
2019-04-05;16:53:48.201,-0.732454,-1.986721,9.483603,0.015980,0.034624,-0.039951,-31.750500,25.772501,-20.374000,Start_gesture;
2019-04-05;16:53:48.242,-0.751603,-1.996296,9.464453,0.007990,0.031960,-0.029297,-34.160000,25.162500,-19.764000,Start_gesture;
2019-04-05;16:53:48.282,-0.770752,-2.082467,9.253813,-0.029297,0.039951,-0.021307,-34.160000,26.382500,-18.574501,Start_gesture;
2019-04-05;16:53:48.322,-0.665432,-1.996296,9.330409,0.026634,0.013317,-0.010653,-33.550000,23.363000,-19.184500,Start_gesture;
2019-04-05;16:53:48.362,-0.703730,-2.063318,9.138918,-0.034624,0.023970,0.007990,-32.970500,25.772501,-20.374000,Start_gesture;
2019-04-05;16:53:48.402,-0.713305,-2.063318,9.167642,-0.023970,0.010653,0.015980,-33.550000,23.973000,-19.764000,Start_gesture;
2019-04-05;16:53:48.442,-0.770752,-1.871826,9.349558,-0.029297,0.002663,0.015980,-32.970500,25.162500,-17.385000,Start_gesture;
2019-04-05;16:53:48.482,-0.703730,-1.986721,9.263388,-0.031960,0.000000,0.007990,-32.360500,25.162500,-19.184500,Start_gesture;
2019-04-05;16:53:48.522,-0.780327,-1.890976,9.464453,0.013317,0.000000,0.002663,-33.550000,26.382500,-19.764000,Start_gesture;
2019-04-05;16:53:48.562,-0.617559,-1.881401,9.474028,0.013317,-0.013317,-0.002663,-33.550000,23.973000,-18.574501,Start_gesture;
2019-04-05;16:53:48.602,-0.876072,-2.092042,9.330409,-0.015980,0.023970,0.000000,-32.970500,25.162500,-16.775000,9;
2019-04-05;16:53:48.642,-0.981392,-1.709059,9.502751,0.082565,0.005327,-0.007990,-33.550000,23.973000,-17.385000,9;
2019-04-05;16:53:48.683,-1.010116,-2.321831,9.579348,0.002663,0.002663,-0.029297,-32.970500,26.382500,-18.574501,9;
2019-04-05;16:53:48.723,-1.297353,-3.212265,10.776168,0.199753,0.013317,-0.029297,-34.160000,26.382500,-19.184500,9;
2019-04-05;16:53:48.763,-1.125011,-4.715471,10.910212,0.117188,0.133169,0.079901,-33.550000,25.772501,-20.374000,9;
2019-04-05;16:53:48.803,-0.962243,-5.213348,10.709146,0.269001,0.255684,0.242367,-33.550000,23.363000,-18.574501,9;
2019-04-05;16:53:48.843,-0.761178,-5.596331,10.067650,0.007990,0.410159,0.585942,-32.970500,25.162500,-17.385000,9;
2019-04-05;16:53:48.883,-0.627134,-6.812300,8.439975,-0.396843,0.508704,0.820319,-32.360500,23.973000,-17.385000,9;
2019-04-05;16:53:48.924,-0.722879,-5.194199,5.873993,-0.183773,0.340912,1.811093,-29.371500,20.374000,-16.775000,9;
2019-04-05;16:53:48.968,-0.004787,-3.489927,4.906962,-0.231713,0.183773,2.144015,-28.182001,18.574501,-16.165000,9;
2019-04-05;16:53:49.009,0.033511,-1.900550,5.328243,-0.412823,-0.007990,2.375728,-28.761500,15.585500,-16.775000,9;
2019-04-05;16:53:49.049,0.933520,-0.426068,4.581427,-0.335585,-0.253020,2.450303,-25.772501,14.975500,-16.165000,9;
2019-04-05;16:53:49.091,0.560112,2.532471,5.242072,-0.239704,-0.636546,2.175975,-25.162500,9.577000,-16.165000,9;
2019-04-05;16:53:49.131,0.885647,4.150572,7.214431,-0.082565,-1.526112,1.187864,-22.173500,7.777500,-18.574501,9;
2019-04-05;16:53:49.172,2.015445,3.240989,6.534637,-0.338248,-1.771143,0.679160,-22.173500,4.178500,-19.764000,9;
2019-04-05;16:53:49.212,1.795230,4.753769,10.613400,0.215733,-2.074767,0.282317,-25.162500,5.978000,-22.173500,9;
2019-04-05;16:53:49.253,2.637791,5.251646,12.470865,0.109198,-1.946925,-0.599259,-25.772501,5.368000,-27.572000,9;
2019-04-05;16:53:49.294,3.327160,4.456958,14.021944,0.069248,-1.856371,-1.094646,-28.182001,7.167500,-29.371500,9;
2019-04-05;16:53:49.334,3.633546,4.045252,14.471948,0.066584,-1.691242,-1.600687,-26.382500,7.777500,-30.561000,9;
2019-04-05;16:53:49.374,4.849515,1.910125,14.921952,0.114525,-1.145250,-2.330451,-29.371500,10.766500,-35.349500,9;
2019-04-05;16:53:49.414,5.653778,0.301599,17.057080,0.170456,-0.873586,-2.570154,-30.561000,13.176001,-34.770000,9;
2019-04-05;16:53:49.454,4.906962,-2.063318,16.856014,0.146485,0.039951,-2.343768,-33.550000,16.775000,-36.569500,9;
2019-04-05;16:53:49.494,4.543129,-1.651612,17.765596,0.332922,0.607249,-1.880341,-34.160000,19.764000,-34.770000,9;
2019-04-05;16:53:49.534,4.303765,-2.953752,16.942184,0.229050,1.773806,-1.701895,-33.550000,20.374000,-34.770000,9;
2019-04-05;16:53:49.574,4.533555,-3.020774,14.768760,0.010653,2.263867,-1.289072,-32.360500,22.783500,-29.981500,9;
2019-04-05;16:53:49.615,4.332489,-3.863335,11.829370,-0.364882,2.700660,-1.012082,-33.550000,23.973000,-29.371500,9;
2019-04-05;16:53:49.655,2.676090,-3.767590,5.050580,-0.532674,2.897749,-0.194426,-31.750500,23.973000,-23.363000,9;
2019-04-05;16:53:49.695,0.990967,-2.340980,3.164392,-0.530011,2.708650,0.159802,-33.550000,23.973000,-19.764000,9;
2019-04-05;16:53:49.735,-0.607985,-1.000542,1.201607,-0.439456,2.279847,0.308951,-32.360500,22.783500,-17.385000,9;
2019-04-05;16:53:49.776,-1.967572,-0.129257,0.627134,-0.487397,1.086656,0.133169,-30.561000,23.973000,-15.585500,9;
2019-04-05;16:53:49.819,-2.139914,-0.196278,0.062235,-0.556645,0.580615,0.111862,-31.750500,23.363000,-15.585500,9;
2019-04-05;16:53:49.862,-1.881401,1.393099,1.326077,0.269001,-0.607249,0.130505,-31.750500,22.783500,-14.975500,9;
2019-04-05;16:53:49.902,-1.163309,1.785656,1.957998,0.199753,-1.057359,-0.015980,-29.981500,23.973000,-16.165000,9;
2019-04-05;16:53:49.942,-0.895221,0.856923,1.661186,-0.269001,-1.406261,-0.221060,-32.360500,23.973000,-15.585500,9;
2019-04-05;16:53:49.982,0.445217,0.828200,3.480353,-0.021307,-2.048133,-0.439456,-30.561000,23.973000,-18.574501,9;
2019-04-05;16:53:50.024,3.250563,-0.617559,5.117602,0.021307,-2.764581,-0.612576,-33.550000,26.382500,-21.563500,9;
2019-04-05;16:53:50.064,5.108028,-0.464366,5.873993,0.348902,-3.204037,-0.687150,-35.959500,25.162500,-25.772501,9;
2019-04-05;16:53:50.104,6.917620,-1.871826,8.439975,0.506041,-3.552939,-0.761725,-36.569500,25.772501,-29.371500,9;
2019-04-05;16:53:50.144,7.760181,-1.766506,9.655944,0.809665,-3.824603,-0.625892,-39.558502,26.962000,-30.561000,9;
2019-04-05;16:53:50.184,9.809137,-4.275041,9.272962,0.468754,-3.587563,0.143822,-47.366500,25.162500,-36.569500,9;
2019-04-05;16:53:50.229,13.016615,-5.816546,11.005958,0.356892,-3.574246,0.564635,-48.556000,25.162500,-38.948500,9;
2019-04-05;16:53:50.271,12.815549,-5.452712,13.466620,0.090555,-2.852472,1.249122,-52.765000,25.162500,-39.558502,9;
2019-04-05;16:53:50.312,12.087883,-3.126094,14.596417,0.399506,-2.258540,1.787123,-52.765000,23.973000,-41.968002,9;
2019-04-05;16:53:50.352,12.183628,-1.967572,12.413418,-0.021307,-1.352993,2.112054,-52.155000,23.973000,-41.968002,9;
2019-04-05;16:53:50.393,10.211268,1.259055,12.394268,-0.031960,-0.870923,2.359748,-52.155000,23.973000,-41.358000,9;
2019-04-05;16:53:50.434,10.785743,0.981392,9.943181,-0.292971,-0.378199,2.096074,-51.545002,23.973000,-41.358000,9;
2019-04-05;16:53:50.474,8.411251,2.302682,6.879322,0.466090,-0.079901,1.691242,-49.166000,22.173500,-41.968002,9;
2019-04-05;16:53:50.514,8.085716,0.923945,5.749524,0.452773,0.013317,1.392944,-49.745500,21.563500,-41.968002,9;
2019-04-05;16:53:50.554,7.233581,1.670761,6.553787,0.724437,-0.023970,0.988111,-47.366500,19.184500,-41.968002,9;
2019-04-05;16:53:50.594,8.028269,-1.651612,6.161230,0.308951,0.055931,0.351565,-46.146500,17.964500,-41.968002,9;
2019-04-05;16:53:50.634,7.779330,-1.756932,6.036760,0.439456,0.050604,0.242367,-46.146500,17.964500,-41.358000,9;
2019-04-05;16:53:50.674,7.396348,-2.120765,5.768673,0.311615,0.130505,0.223723,-45.567000,17.964500,-41.968002,9;
2019-04-05;16:53:50.714,7.358050,-2.944177,5.491010,0.045277,0.173119,0.005327,-44.957000,16.165000,-41.358000,Unknown;
2019-04-05;16:53:50.754,7.310177,-3.011199,5.558032,0.026634,0.159802,0.000000,-45.567000,18.574501,-42.547500,Unknown;
2019-04-05;16:53:50.794,7.539967,-3.413331,5.366541,-0.050604,0.146485,-0.079901,-44.347000,16.165000,-41.968002,Unknown;
2019-04-05;16:53:50.834,7.329326,-3.509076,5.299519,-0.079901,0.130505,-0.034624,-43.767500,16.775000,-40.748000,Unknown;
2019-04-05;16:53:50.879,7.358050,-3.221840,5.356967,-0.026634,0.077238,-0.015980,-45.567000,15.585500,-42.547500,Unknown;
2019-04-05;16:53:50.920,7.319751,-3.422905,5.395265,-0.077238,0.042614,0.015980,-44.957000,17.964500,-41.358000,Unknown;
2019-04-05;16:53:50.962,7.319751,-3.145243,5.289945,0.053267,-0.013317,0.029297,-45.567000,16.165000,-41.358000,Unknown;
2019-04-05;16:53:51.003,7.329326,-2.915454,5.625054,0.157139,-0.053267,0.061258,-45.567000,17.964500,-41.968002,Unknown;
2019-04-05;16:53:51.043,7.348475,-3.011199,5.653778,0.095881,-0.074574,0.000000,-43.767500,16.775000,-42.547500,Unknown;
2019-04-05;16:53:51.083,7.319751,-3.576098,6.678256,0.093218,-0.189099,-0.095881,-46.146500,16.165000,-41.968002,Unknown;
2019-04-05;16:53:51.123,7.405922,-3.710142,6.304848,-0.095881,-0.021307,-0.015980,-45.567000,14.975500,-42.547500,Unknown;
2019-04-05;16:53:51.163,7.444221,-3.327160,6.218677,-0.050604,0.058594,0.074574,-45.567000,16.775000,-41.968002,Unknown;
2019-04-05;16:53:51.203,7.492094,-2.733537,6.151655,-0.010653,0.085228,0.074574,-45.567000,16.775000,-41.968002,Unknown;
2019-04-05;16:53:51.243,7.836778,-2.120765,6.323997,0.026634,0.114525,-0.015980,-44.957000,17.964500,-40.748000,Unknown;
2019-04-05;16:53:51.283,7.942098,-1.699485,6.831449,0.093218,0.157139,-0.111862,-45.567000,16.775000,-42.547500,Unknown;
2019-04-05;16:53:51.323,8.171887,-2.005870,7.204857,-0.026634,0.295634,-0.194426,-44.957000,16.775000,-41.358000,Unknown;
2019-04-05;16:53:51.363,8.363379,-1.364375,9.531475,0.340912,0.633883,-0.258347,-44.347000,16.775000,-41.968002,Unknown;
2019-04-05;16:53:51.403,7.472944,-0.876072,11.379365,0.290308,0.897557,-0.303624,-44.347000,16.775000,-41.968002,Unknown;
2019-04-05;16:53:51.443,7.425072,-0.598410,13.208106,0.202416,1.182537,-0.455437,-43.767500,16.775000,-41.968002,Unknown;
2019-04-05;16:53:51.483,7.492094,-1.967572,12.135756,0.095881,1.962905,-0.751071,-41.358000,16.165000,-39.558502,Unknown;
2019-04-05;16:53:51.524,7.492094,-2.408002,11.800646,0.303624,2.178639,-0.812329,-37.759000,17.964500,-37.759000,Unknown;
2019-04-05;16:53:51.565,7.511243,-3.403756,10.345312,0.346238,2.407689,-0.870923,-37.759000,17.964500,-37.759000,Unknown;
2019-04-05;16:53:51.605,7.760181,-4.725046,9.378282,0.527348,2.455630,-0.822982,-37.759000,18.574501,-34.160000,Unknown;
2019-04-05;16:53:51.645,4.906962,-3.633546,7.405922,0.889566,2.458293,-0.253020,-33.550000,16.165000,-32.360500,Unknown;
2019-04-05;16:53:51.685,3.288861,-2.790984,6.821874,0.708457,2.381055,-0.135832,-30.561000,16.165000,-30.561000,Unknown;
2019-04-05;16:53:51.725,1.881401,-1.469695,6.975067,0.548655,2.104064,-0.247694,-29.981500,15.585500,-28.761500,Unknown;
2019-04-05;16:53:51.765,1.010116,-0.876072,7.271879,0.380862,1.733855,-0.471417,-29.371500,16.165000,-25.772501,Unknown;
2019-04-05;16:53:51.805,1.010116,-0.837774,7.243155,0.253020,1.454201,-0.652526,-28.761500,15.585500,-25.162500,Unknown;
2019-04-05;16:53:51.845,1.029265,-0.732454,7.300602,0.231713,0.945497,-0.854943,-28.761500,18.574501,-23.973000,Unknown;
2019-04-05;16:53:51.885,0.722879,-0.885647,7.233581,0.085228,0.769715,-0.849616,-28.761500,18.574501,-23.363000,Unknown;
2019-04-05;16:53:51.925,0.110107,-0.636708,7.444221,0.000000,0.604586,-0.804339,-28.761500,17.964500,-22.173500,Unknown;
2019-04-05;16:53:51.965,-0.311173,-0.780327,7.195282,-0.141159,0.367545,-0.801675,-29.981500,19.764000,-20.374000,Unknown;
2019-04-05;16:53:52.005,-0.014362,-1.460120,7.252729,-0.130505,0.213070,-0.814992,-28.761500,22.783500,-20.374000,Unknown;
2019-04-05;16:53:52.045,0.157980,-1.718634,7.118686,-0.082565,0.111862,-0.753734,-30.561000,23.363000,-23.363000,Unknown;
2019-04-05;16:53:52.087,-0.062235,-2.551620,7.922949,0.490061,-0.127842,-0.261010,-32.970500,21.563500,-19.764000,Unknown;
2019-04-05;16:53:52.127,-1.048414,-0.272875,7.760181,0.641873,-0.146485,-0.061258,-32.970500,22.783500,-20.984001,Unknown;
2019-04-05;16:53:52.167,-1.038840,0.722879,9.263388,0.415486,-0.223723,-0.151812,-32.360500,25.162500,-21.563500,Unknown;
2019-04-05;16:53:52.207,-0.962243,0.023936,9.349558,-0.210406,-0.143822,-0.194426,-31.750500,23.363000,-23.363000,Unknown;
2019-04-05;16:53:52.247,-0.933520,-0.272875,9.397431,-0.189099,-0.095881,-0.082565,-32.970500,23.973000,-23.363000,Unknown;
2019-04-05;16:53:52.287,-0.598410,-0.904796,9.732541,0.085228,-0.050604,-0.034624,-31.750500,23.363000,-20.984001,Start_gesture;
2019-04-05;16:53:52.327,-0.416493,-0.454792,9.943181,0.197090,-0.061258,-0.015980,-34.160000,23.973000,-23.363000,Start_gesture;
2019-04-05;16:53:52.367,-0.588835,-0.665432,9.579348,0.000000,-0.007990,-0.021307,-33.550000,25.162500,-23.973000,Start_gesture;
2019-04-05;16:53:52.407,-0.378195,-0.406919,9.311260,-0.061258,0.000000,-0.023970,-33.550000,23.363000,-22.173500,Start_gesture;
2019-04-05;16:53:52.447,-0.416493,-0.282450,9.751690,-0.074574,-0.026634,0.013317,-32.360500,22.783500,-20.984001,Start_gesture;
2019-04-05;16:53:52.487,-0.349471,-0.339897,9.349558,-0.141159,-0.015980,0.000000,-32.970500,25.162500,-23.973000,Start_gesture;
2019-04-05;16:53:52.527,-0.617559,-0.876072,9.531475,-0.183773,-0.021307,-0.029297,-32.970500,23.973000,-22.173500,Start_gesture;
2019-04-05;16:53:52.567,-0.406919,-0.809050,9.684668,-0.055931,-0.002663,-0.007990,-32.360500,25.162500,-21.563500,Start_gesture;
2019-04-05;16:53:52.607,-0.483515,-1.000542,9.981480,-0.069248,0.007990,0.000000,-32.970500,25.162500,-22.173500,Start_gesture;
2019-04-05;16:53:52.648,-0.502664,-0.694156,9.751690,-0.034624,0.037287,0.013317,-32.970500,23.363000,-20.984001,Start_gesture;
2019-04-05;16:53:52.688,-0.579261,-0.962243,9.397431,-0.122515,0.069248,0.031960,-32.970500,23.973000,-21.563500,Start_gesture;
2019-04-05;16:53:52.728,-0.770752,-0.684581,9.186790,-0.021307,0.063921,-0.005327,-32.970500,23.973000,-21.563500,Start_gesture;
2019-04-05;16:53:52.768,-0.627134,-0.761178,9.445304,-0.015980,0.031960,-0.034624,-32.360500,23.363000,-21.563500,Start_gesture;
2019-04-05;16:53:52.808,-0.483515,-0.818625,9.454879,-0.042614,0.021307,-0.047941,-32.970500,23.363000,-21.563500,Start_gesture;
2019-04-05;16:53:52.848,-0.722879,-0.828200,9.387856,-0.066584,0.002663,0.000000,-33.550000,23.363000,-22.173500,Start_gesture;
2019-04-05;16:53:52.888,-0.588835,-0.914371,9.541050,-0.015980,-0.013317,-0.010653,-32.360500,25.162500,-22.173500,Start_gesture;
2019-04-05;16:53:52.928,-0.588835,-0.809050,9.636795,0.007990,-0.026634,-0.007990,-32.360500,25.772501,-20.984001,Start_gesture;
2019-04-05;16:53:52.968,-0.521814,-1.144160,9.569773,0.002663,-0.010653,-0.010653,-32.970500,23.973000,-20.374000,Start_gesture;
2019-04-05;16:53:53.008,-0.426068,-1.230331,9.387856,0.042614,0.005327,0.013317,-32.970500,25.772501,-20.374000,Start_gesture;
2019-04-05;16:53:53.048,-0.540963,-1.029265,9.100619,0.071911,0.023970,0.045277,-32.360500,25.772501,-20.984001,Start_gesture;
2019-04-05;16:53:53.088,-0.665432,-0.780327,9.416580,0.087891,0.010653,0.074574,-32.360500,23.973000,-21.563500,9;
2019-04-05;16:53:53.129,-0.809050,-0.866498,9.569773,-0.015980,-0.005327,0.039951,-31.750500,22.173500,-21.563500,9;
2019-04-05;16:53:53.169,-0.617559,-0.828200,9.684668,0.005327,-0.031960,0.029297,-32.360500,25.772501,-20.984001,9;
2019-04-05;16:53:53.776,-0.818625,-4.026103,10.077225,0.007990,0.093218,0.261010,-33.550000,25.162500,-20.984001,9;
2019-04-05;16:53:53.817,-0.866498,-5.337818,9.847435,-0.050604,0.109198,0.530011,-32.360500,23.973000,-23.363000,9;
2019-04-05;16:53:53.857,-0.770752,-5.309094,9.885734,0.026634,0.127842,0.844289,-32.360500,21.563500,-23.363000,9;
2019-04-05;16:53:53.897,-0.014362,-5.184625,6.927195,0.079901,0.111862,1.563400,-28.182001,20.374000,-22.173500,9;
2019-04-05;16:53:53.937,0.742028,-4.916537,5.778247,0.037287,0.026634,1.880341,-28.761500,19.184500,-22.173500,9;
2019-04-05;16:53:53.977,1.804805,-2.609068,5.213348,-0.079901,-0.119852,2.397035,-27.572000,16.775000,-20.984001,9;
2019-04-05;16:53:54.017,3.394182,-1.201607,3.537800,-0.223723,-0.316941,2.676689,-24.583000,11.376500,-23.363000,9;
2019-04-05;16:53:54.057,3.384607,3.173967,4.906962,-0.375536,-0.695140,2.610105,-23.973000,7.777500,-22.173500,9;
2019-04-05;16:53:54.097,3.135668,3.298436,3.920783,-1.025398,-0.945497,2.277184,-21.563500,5.368000,-23.363000,9;
2019-04-05;16:53:54.137,4.217594,4.591001,5.893142,-0.841626,-2.077431,1.262439,-24.583000,3.568500,-27.572000,9;
2019-04-05;16:53:54.177,4.916537,4.485682,7.769756,-0.681823,-2.599451,0.721774,-23.973000,2.379000,-27.572000,9;
2019-04-05;16:53:54.217,5.720800,6.448466,11.072979,0.050604,-3.060215,0.276991,-26.382500,3.568500,-29.981500,9;
2019-04-05;16:53:54.257,6.151655,8.009120,17.344316,0.197090,-3.158760,-0.950824,-31.750500,2.379000,-37.149002,9;
2019-04-05;16:53:54.297,7.128260,7.013366,17.564531,-0.324931,-2.570154,-1.976222,-32.360500,5.368000,-37.759000,9;
2019-04-05;16:53:54.338,9.119769,3.394182,18.474113,-0.604586,-1.992203,-2.604778,-34.160000,7.167500,-39.558502,9;
2019-04-05;16:53:54.379,8.775085,0.263300,17.775171,0.173119,-0.327595,-2.452966,-37.759000,11.376500,-40.748000,9;
2019-04-05;16:53:54.419,7.721883,0.282450,16.204943,0.146485,0.530011,-2.058787,-37.149002,12.566000,-40.748000,9;
2019-04-05;16:53:54.461,7.932523,-1.019691,15.525149,-0.005327,1.464855,-2.258540,-39.558502,16.165000,-40.748000,9;
2019-04-05;16:53:54.502,7.750606,-2.245235,14.337904,-0.250357,1.859034,-2.226579,-38.369000,17.964500,-38.369000,9;
2019-04-05;16:53:54.542,7.932523,-3.001625,12.700654,-0.311615,2.381055,-1.749836,-38.369000,19.184500,-38.369000,9;
2019-04-05;16:53:54.582,5.806971,-2.714388,9.655944,-0.340912,2.905740,-1.017408,-35.959500,22.173500,-32.970500,9;
2019-04-05;16:53:54.622,5.270795,-2.580344,7.645287,-0.290308,2.959007,-0.679160,-34.770000,19.764000,-32.360500,9;
2019-04-05;16:53:54.662,3.853761,-2.570769,4.571853,-0.295634,2.871116,-0.354229,-31.750500,23.973000,-28.182001,9;
2019-04-05;16:53:54.702,1.345226,-1.565441,2.197362,-0.351565,2.468946,0.074574,-32.360500,22.173500,-23.973000,9;
2019-04-05;16:53:54.742,-0.818625,0.627134,1.986721,-0.383526,1.347667,0.037287,-30.561000,21.563500,-20.984001,9;
2019-04-05;16:53:54.782,-1.862252,0.569686,2.503747,-0.751071,0.836299,-0.141159,-28.761500,21.563500,-20.374000,9;
2019-04-05;16:53:54.822,-1.852678,-0.263300,2.513322,-0.825646,0.279654,-0.117188,-29.981500,21.563500,-20.374000,9;
2019-04-05;16:53:54.862,-1.881401,-0.138831,1.977147,-0.447447,-0.071911,-0.010653,-31.750500,22.783500,-18.574501,9;
2019-04-05;16:53:54.903,-0.148406,1.766506,2.331405,0.311615,-0.958814,0.047941,-30.561000,22.173500,-19.764000,9;
2019-04-05;16:53:54.944,-0.244151,0.253726,2.178212,0.029297,-1.520786,-0.079901,-32.970500,23.363000,-23.363000,9;
2019-04-05;16:53:54.984,1.287778,1.182458,3.480353,0.308951,-1.968232,-0.191763,-32.970500,21.563500,-23.363000,9;
2019-04-05;16:53:55.024,1.144160,-0.282450,3.643120,-0.146485,-2.354421,-0.287644,-33.550000,21.563500,-27.572000,9;
2019-04-05;16:53:55.064,5.404839,-0.512239,7.358050,0.271664,-3.028254,-0.500714,-37.149002,23.973000,-29.981500,9;
2019-04-05;16:53:55.104,7.061238,-2.848432,9.627220,0.133169,-3.153433,-0.348902,-37.149002,23.363000,-32.970500,9;
2019-04-05;16:53:55.144,8.526146,-1.871826,9.617646,0.463427,-3.145443,-0.031960,-41.358000,25.162500,-34.160000,9;
2019-04-05;16:53:55.184,9.100619,-2.360129,12.145329,0.463427,-2.940363,0.665843,-45.567000,23.973000,-38.369000,9;
2019-04-05;16:53:55.224,9.885734,-4.418660,10.326163,0.058594,-2.658046,0.673833,-44.347000,23.363000,-40.748000,9;
2019-04-05;16:53:55.264,9.608071,-2.484598,15.103869,0.748408,-2.543521,1.273092,-47.946000,22.783500,-39.558502,9;
2019-04-05;16:53:55.304,11.465536,-4.801642,10.728295,0.194426,-1.494152,1.848381,-48.556000,18.574501,-42.547500,9;
2019-04-05;16:53:55.344,9.722966,-0.043086,12.231501,0.940171,-1.222488,2.391709,-49.166000,20.374000,-42.547500,9;
2019-04-05;16:53:55.384,10.153821,0.722879,8.957002,0.514031,-0.809665,2.428996,-52.155000,18.574501,-43.767500,9;
2019-04-05;16:53:55.424,8.641041,3.710142,8.487848,0.340912,-0.458100,2.016173,-47.946000,15.585500,-43.157500,9;
2019-04-05;16:53:55.465,9.722966,3.863335,7.214431,0.117188,-0.319605,1.544756,-45.567000,15.585500,-44.347000,9;
2019-04-05;16:53:55.506,9.636795,2.312256,5.998462,-0.031960,-0.263674,1.155904,-44.957000,14.365500,-46.146500,9;
2019-04-05;16:53:55.546,7.568690,1.929274,5.941015,0.199753,-0.303624,0.753734,-47.366500,12.566000,-43.767500,9;
2019-04-05;16:53:55.586,7.693159,-0.138831,6.228251,0.133169,-0.276991,0.394179,-47.366500,12.566000,-42.547500,9;
2019-04-05;16:53:55.626,7.022940,0.014362,6.936769,0.175783,-0.258347,0.287644,-47.946000,13.176001,-43.767500,9;
2019-04-05;16:53:55.666,7.999545,-1.938848,6.391019,-0.037287,-0.098545,0.154476,-47.366500,11.986500,-44.347000,9;
2019-04-05;16:53:55.706,8.009120,-2.513322,6.879322,0.127842,0.018644,-0.031960,-47.366500,11.376500,-43.767500,9;
2019-04-05;16:53:55.746,7.549541,-2.475024,6.477190,-0.037287,0.141159,0.079901,-45.567000,12.566000,-46.146500,Unknown;
2019-04-05;16:53:55.786,7.568690,-2.532471,6.429318,-0.221060,0.237040,0.061258,-44.957000,11.986500,-44.347000,Unknown;
2019-04-05;16:53:55.826,7.635712,-2.542046,5.931440,-0.247694,0.276991,0.047941,-43.767500,13.176001,-44.347000,Unknown;
2019-04-05;16:53:55.866,7.683585,-2.810134,5.912291,-0.063921,0.237040,0.061258,-46.146500,14.365500,-44.347000,Unknown;
2019-04-05;16:53:55.906,7.520817,-2.494173,5.423988,-0.093218,0.258347,0.117188,-45.567000,14.975500,-43.767500,Unknown;
2019-04-05;16:53:55.946,7.137835,-2.465449,5.538883,-0.090555,0.218397,0.146485,-44.347000,11.986500,-44.347000,Unknown;
2019-04-05;16:53:55.986,7.319751,-2.293107,5.299519,-0.029297,0.127842,0.055931,-44.957000,13.176001,-43.767500,Unknown;
2019-04-05;16:53:56.027,7.329326,-2.475024,5.941015,0.000000,0.061258,0.042614,-44.957000,13.176001,-44.347000,Unknown;
2019-04-05;16:53:56.067,7.300602,-2.542046,6.103782,0.042614,0.000000,-0.037287,-43.767500,11.986500,-43.157500,Unknown;
2019-04-05;16:53:56.107,7.089962,-2.656940,6.218677,-0.029297,0.023970,0.037287,-44.347000,13.176001,-43.767500,Unknown;
2019-04-05;16:53:56.147,7.252729,-2.561195,5.979313,-0.015980,0.023970,-0.010653,-44.347000,13.176001,-44.347000,Unknown;
2019-04-05;16:53:56.187,7.243155,-2.609068,5.931440,-0.071911,0.023970,0.029297,-45.567000,14.365500,-43.157500,Unknown;
2019-04-05;16:53:56.227,7.233581,-2.637791,6.122931,-0.061258,-0.007990,-0.005327,-46.146500,11.986500,-43.767500,Unknown;
2019-04-05;16:53:56.267,7.310177,-2.800559,6.008037,-0.133169,-0.002663,-0.021307,-43.767500,12.566000,-42.547500,Unknown;
2019-04-05;16:53:56.307,7.453795,-2.714388,6.333572,-0.013317,-0.034624,-0.037287,-44.347000,13.176001,-43.157500,Unknown;
2019-04-05;16:53:56.347,7.271879,-2.771835,6.391019,-0.087891,0.000000,0.000000,-44.957000,12.566000,-43.767500,Unknown;
2019-04-05;16:53:56.387,7.252729,-2.637791,6.381444,-0.055931,0.018644,-0.023970,-43.767500,11.986500,-43.767500,Unknown;
2019-04-05;16:53:56.427,7.310177,-2.800559,6.256975,-0.071911,0.045277,-0.029297,-44.347000,14.365500,-41.968002,Unknown;
2019-04-05;16:53:56.467,7.118686,-2.551620,5.931440,0.058594,0.021307,-0.069248,-45.567000,14.365500,-42.547500,Unknown;
2019-04-05;16:53:56.507,7.358050,-2.408002,6.199528,0.133169,0.005327,-0.106535,-43.767500,13.176001,-42.547500,Unknown;
2019-04-05;16:53:56.547,7.559115,-2.159063,6.745278,0.170456,0.010653,-0.111862,-43.767500,14.975500,-43.767500,Unknown;
2019-04-05;16:53:56.588,8.382527,-0.627134,8.554870,0.218397,0.263674,-0.026634,-43.767500,13.176001,-43.767500,Unknown;
2019-04-05;16:53:56.629,8.564445,-1.402673,9.512326,-0.149149,0.487397,-0.063921,-43.767500,12.566000,-43.767500,Unknown;
2019-04-05;16:53:56.669,8.583593,-1.297353,10.776168,-0.026634,0.846952,-0.087891,-41.968002,13.176001,-43.767500,Unknown;
2019-04-05;16:53:56.709,7.961247,-0.445217,11.321918,0.213070,1.379627,0.122515,-41.358000,12.566000,-43.157500,Unknown;
2019-04-05;16:53:56.751,7.501668,-2.072892,11.886817,0.061258,2.090747,-0.162466,-39.558502,14.365500,-40.748000,Unknown;
2019-04-05;16:53:56.791,6.994216,-2.149489,11.130426,0.258347,2.357085,-0.138495,-35.959500,11.376500,-37.759000,Unknown;
2019-04-05;16:53:56.831,5.960164,-2.331405,10.383611,0.649863,2.511560,-0.183773,-33.550000,12.566000,-37.149002,Unknown;
2019-04-05;16:53:56.871,4.514405,-2.561195,8.918703,0.703130,2.455630,-0.500714,-30.561000,10.766500,-32.970500,Unknown;
2019-04-05;16:53:56.911,3.451629,-2.254809,9.205940,0.817655,2.269193,-0.569962,-29.371500,10.766500,-30.561000,Unknown;
2019-04-05;16:53:56.951,2.656940,-2.417577,8.382527,0.761725,2.170649,-0.633883,-28.182001,10.766500,-29.371500,Unknown;
2019-04-05;16:53:56.991,1.565441,-1.986721,7.118686,0.628556,1.936272,-0.822982,-28.182001,10.766500,-29.371500,Unknown;
2019-04-05;16:53:57.031,0.426068,-0.493090,4.849515,0.127842,1.424904,-1.134597,-25.162500,12.566000,-25.772501,Unknown;
2019-04-05;16:53:57.071,-0.732454,-1.498419,3.604822,-0.452773,1.057359,-1.395607,-27.572000,14.365500,-23.363000,Unknown;
2019-04-05;16:53:57.111,0.540963,-2.388853,7.329326,-0.186436,0.468754,-1.696568,-25.772501,15.585500,-24.583000,Unknown;
2019-04-05;16:53:57.152,1.038840,-1.967572,8.286782,-0.695140,0.210406,-1.696568,-27.572000,19.764000,-21.563500,Unknown;
2019-04-05;16:53:57.193,1.364375,-2.159063,8.813383,-0.593932,0.082565,-1.502142,-30.561000,21.563500,-22.173500,Unknown;
2019-04-05;16:53:57.233,1.278204,-3.202690,9.062322,-0.420813,0.162466,-1.297062,-29.981500,23.363000,-20.374000,Unknown;
2019-04-05;16:53:57.273,0.751603,-2.360129,7.913374,0.239704,0.466090,-0.372872,-31.750500,22.783500,-21.563500,Unknown;
2019-04-05;16:53:57.313,-0.205853,-1.163309,7.865501,0.231713,0.519358,-0.053267,-30.561000,25.162500,-20.984001,Unknown;
2019-04-05;16:53:57.353,-0.675006,-1.584590,8.459125,0.117188,0.458100,-0.079901,-32.970500,23.973000,-21.563500,Unknown;
2019-04-05;16:53:57.393,-0.282450,-1.335651,8.746361,0.378199,0.231713,-0.308951,-33.550000,23.363000,-20.374000,Unknown;
2019-04-05;16:53:57.433,-0.253726,-1.747357,8.420826,0.199753,0.157139,-0.394179,-30.561000,25.162500,-20.984001,Start_gesture;
2019-04-05;16:53:57.473,-0.272875,-1.306927,8.535721,0.234377,0.055931,-0.175783,-32.360500,25.162500,-20.984001,Start_gesture;
2019-04-05;16:53:57.513,-0.349471,-1.996296,8.708063,-0.122515,0.039951,-0.101208,-32.360500,26.382500,-20.374000,Start_gesture;
2019-04-05;16:53:57.553,-0.531388,-1.689910,8.899554,-0.111862,0.005327,-0.069248,-31.750500,25.772501,-20.984001,Start_gesture;
2019-04-05;16:53:57.593,-0.722879,-1.479270,9.292110,-0.029297,-0.021307,-0.007990,-33.550000,23.973000,-19.764000,Start_gesture;
2019-04-05;16:53:57.633,-0.512239,-1.230331,9.186790,-0.013317,-0.021307,0.007990,-34.160000,25.162500,-20.984001,Start_gesture;
2019-04-05;16:53:57.673,-0.895221,-1.450546,9.071896,-0.093218,-0.047941,0.045277,-33.550000,25.162500,-18.574501,Start_gesture;
2019-04-05;16:53:57.714,-0.607985,-1.182458,9.368708,0.010653,-0.114525,0.000000,-32.970500,25.772501,-19.764000,Start_gesture;
2019-04-05;16:53:57.755,-0.617559,-1.536717,9.837861,-0.021307,-0.098545,-0.018644,-32.970500,25.772501,-20.984001,Start_gesture;
2019-04-05;16:53:57.795,-0.694156,-1.259055,9.799562,0.023970,-0.061258,0.002663,-34.160000,23.973000,-20.984001,Start_gesture;
2019-04-05;16:53:57.835,-0.636708,-1.555866,9.943181,-0.015980,-0.026634,-0.007990,-32.360500,25.162500,-20.984001,Start_gesture;
2019-04-05;16:53:57.875,-0.655857,-1.479270,9.502751,-0.061258,0.039951,-0.002663,-34.160000,26.382500,-20.984001,Start_gesture;
2019-04-05;16:53:57.915,-0.502664,-1.632462,9.560199,-0.063921,0.029297,0.005327,-32.360500,25.772501,-19.764000,Start_gesture;
2019-04-05;16:53:57.955,-0.569686,-1.527142,9.407005,-0.026634,0.037287,-0.002663,-32.970500,25.162500,-20.374000,Start_gesture;
2019-04-05;16:53:57.995,-0.397344,-1.680335,9.445304,0.000000,0.029297,0.039951,-33.550000,23.973000,-19.764000,Start_gesture;
2019-04-05;16:53:58.035,-0.512239,-1.373949,9.464453,0.037287,0.042614,0.026634,-33.550000,23.363000,-20.984001,Start_gesture;
2019-04-05;16:53:58.075,-0.406919,-1.718634,9.493176,0.010653,0.045277,0.050604,-32.970500,25.162500,-20.374000,Start_gesture;
2019-04-05;16:53:58.115,-0.655857,-1.632462,9.359133,-0.122515,0.061258,0.026634,-32.970500,25.772501,-19.764000,Start_gesture;
2019-04-05;16:53:58.155,-0.579261,-1.383524,9.138918,-0.042614,0.031960,0.026634,-34.160000,25.162500,-18.574501,Start_gesture;
2019-04-05;16:53:58.195,-0.646283,-1.393099,9.091045,-0.069248,0.029297,0.015980,-31.750500,25.162500,-19.764000,Start_gesture;
2019-04-05;16:53:58.235,-0.627134,-1.268629,9.493176,0.077238,-0.015980,-0.010653,-31.750500,26.382500,-19.184500,Start_gesture;
2019-04-05;16:53:58.276,-0.617559,-1.603739,9.445304,-0.031960,0.013317,-0.015980,-32.360500,23.973000,-19.184500,Start_gesture;
2019-04-05;16:53:58.316,-0.531388,-1.488844,9.560199,0.079901,0.000000,-0.018644,-32.970500,23.973000,-19.184500,Start_gesture;
2019-04-05;16:53:58.356,-0.550537,-1.862252,9.301685,0.066584,0.023970,-0.005327,-32.970500,23.363000,-19.764000,Start_gesture;
2019-04-05;16:53:58.396,-0.799476,-1.354800,9.292110,0.186436,0.013317,0.015980,-33.550000,25.162500,-18.574501,Start_gesture;
2019-04-05;16:53:58.436,-0.493090,-1.929274,9.387856,0.053267,-0.007990,-0.066584,-32.360500,23.363000,-20.374000,Start_gesture;
2019-04-05;16:53:58.476,-0.454792,-1.862252,9.483603,0.146485,-0.034624,-0.026634,-32.360500,25.162500,-19.184500,Start_gesture;
2019-04-05;16:53:58.516,-0.521814,-1.766506,9.483603,0.194426,-0.029297,-0.018644,-32.970500,22.783500,-19.764000,Start_gesture;
2019-04-05;16:53:58.556,-0.531388,-1.287778,9.416580,0.229050,-0.037287,0.002663,-33.550000,25.162500,-20.374000,Start_gesture;
2019-04-05;16:53:58.596,-0.732454,-1.048414,9.138918,0.162466,-0.039951,0.037287,-32.970500,26.382500,-20.374000,Start_gesture;
2019-04-05;16:53:58.636,-0.387770,-1.134585,8.957002,0.175783,-0.055931,0.021307,-32.360500,23.973000,-20.374000,Start_gesture;
2019-04-05;16:53:58.676,-0.263300,-1.986721,8.976151,0.303624,-0.114525,0.047941,-33.550000,23.973000,-21.563500,Start_gesture;
2019-04-05;16:53:58.718,-0.588835,-0.205853,9.569773,0.519358,-0.149149,0.098545,-33.550000,23.363000,-21.563500,Start_gesture;
2019-04-05;16:53:58.759,-0.636708,-0.502664,9.732541,0.042614,-0.066584,0.106535,-35.959500,25.772501,-20.984001,Start_gesture;
2019-04-05;16:53:58.799,-0.675006,-0.292024,9.914457,0.109198,-0.045277,0.055931,-32.360500,23.363000,-21.563500,Start_gesture;
2019-04-05;16:53:58.842,-0.531388,-0.895221,9.799562,-0.039951,0.002663,0.018644,-32.970500,22.783500,-22.173500,Start_gesture;
2019-04-05;16:53:58.883,-0.502664,-0.856923,9.722966,0.162466,0.000000,0.010653,-32.970500,23.973000,-21.563500,Start_gesture;
2019-04-05;16:53:58.923,-0.665432,0.014362,9.799562,0.261010,0.021307,-0.010653,-32.970500,23.973000,-23.973000,Start_gesture;
2019-04-05;16:53:58.963,-0.502664,-0.789901,9.655944,-0.037287,0.053267,-0.023970,-32.970500,23.363000,-20.984001,Start_gesture;
2019-04-05;16:53:59.003,-0.809050,-1.000542,9.234664,-0.159802,0.053267,-0.061258,-34.160000,22.783500,-21.563500,Start_gesture;
2019-04-05;16:53:59.043,-0.579261,-1.096287,9.158067,-0.071911,0.007990,-0.063921,-32.970500,23.973000,-20.984001,Start_gesture;
2019-04-05;16:53:59.083,-0.636708,-0.943094,9.339984,-0.066584,-0.010653,-0.055931,-31.750500,23.973000,-22.173500,Start_gesture;
2019-04-05;16:53:59.123,-0.406919,-1.182458,9.521900,0.000000,-0.026634,-0.026634,-33.550000,25.772501,-20.984001,Start_gesture;
2019-04-05;16:53:59.163,-0.598410,-1.057989,9.627220,-0.058594,-0.005327,-0.002663,-32.970500,25.162500,-20.374000,9;
2019-04-05;16:53:59.203,-0.627134,-0.665432,9.636795,0.039951,-0.007990,-0.018644,-32.970500,25.772501,-23.363000,9;
2019-04-05;16:53:59.243,-0.607985,-0.943094,9.924032,-0.042614,0.000000,-0.013317,-33.550000,23.973000,-21.563500,9;
2019-04-05;16:53:59.283,-0.655857,-1.067564,9.914457,-0.023970,0.010653,-0.002663,-32.360500,25.772501,-22.173500,9;
2019-04-05;16:53:59.323,-0.923945,-1.622888,10.268716,-0.010653,0.037287,0.002663,-32.970500,23.973000,-20.984001,9;
2019-04-05;16:53:59.363,-0.837774,-4.993133,11.254896,0.109198,0.191763,0.135832,-33.550000,23.363000,-21.563500,9;
2019-04-05;16:53:59.404,-0.531388,-5.577181,10.881488,0.303624,0.346238,0.423476,-32.360500,23.973000,-21.563500,9;
2019-04-05;16:53:59.445,-0.531388,-6.084633,10.249567,0.218397,0.439456,0.721774,-32.360500,23.363000,-19.764000,9;
2019-04-05;16:53:59.485,-0.023936,-5.538883,8.411251,-0.165129,0.633883,1.478172,-30.561000,19.764000,-20.374000,9;
2019-04-05;16:53:59.525,0.473941,-3.451629,5.136752,-0.340912,0.466090,2.221253,-28.182001,19.184500,-18.574501,9;
2019-04-05;16:53:59.565,1.220756,-2.350555,3.135668,-0.500714,0.300961,2.405026,-25.772501,16.165000,-18.574501,9;
2019-04-05;16:53:59.605,1.450546,0.196278,3.375033,-0.442120,-0.199753,2.535531,-24.583000,14.365500,-18.574501,9;
2019-04-05;16:53:59.645,2.360129,1.747357,2.130340,-1.068012,-1.078666,2.088084,-22.783500,9.577000,-19.184500,9;
2019-04-05;16:53:59.685,2.216511,4.198445,4.973984,-0.732428,-1.779133,1.691242,-24.583000,7.777500,-20.374000,9;
2019-04-05;16:53:59.725,3.710142,4.610151,4.466532,-0.852279,-2.093411,1.259775,-24.583000,7.167500,-22.173500,9;
2019-04-05;16:53:59.765,5.864419,5.759098,8.641041,-0.258347,-2.682016,0.287644,-25.162500,4.788500,-27.572000,9;
2019-04-05;16:53:59.805,5.184625,6.888896,11.676176,-0.138495,-2.823175,-0.194426,-27.572000,4.178500,-29.981500,9;
2019-04-05;16:53:59.845,6.323997,6.448466,13.782579,-0.114525,-2.884433,-0.988111,-28.182001,5.368000,-32.970500,9;
2019-04-05;16:53:59.885,7.989971,5.423988,17.899641,-0.197090,-2.365075,-2.064114,-32.360500,10.766500,-38.369000,9;
2019-04-05;16:53:59.925,8.727212,1.871826,19.594337,-0.263674,-1.763153,-2.468946,-34.770000,11.376500,-38.948500,9;
2019-04-05;16:53:59.966,8.564445,1.172884,19.594337,0.143822,-0.972131,-2.516887,-37.149002,13.176001,-37.149002,9;
2019-04-05;16:54:00.016,7.578265,-0.426068,19.594337,0.530011,0.828309,-2.258540,-39.558502,16.165000,-39.558502,9;
2019-04-05;16:54:00.056,7.846352,-2.436726,19.594337,0.250357,1.472845,-2.458293,-39.558502,17.964500,-39.558502,9;
2019-04-05;16:54:00.096,8.765511,-2.790984,17.746449,0.071911,2.282510,-2.144015,-39.558502,18.574501,-38.369000,9;
2019-04-05;16:54:00.136,8.449550,-3.365458,14.605992,0.165129,3.094839,-1.603350,-37.149002,21.563500,-36.569500,9;
2019-04-05;16:54:00.176,7.195282,-3.336734,6.774002,-0.322268,3.686108,-0.884240,-34.160000,22.783500,-30.561000,9;
2019-04-05;16:54:00.216,3.834611,-2.829283,1.000542,-0.530011,3.467711,-0.226387,-32.970500,22.173500,-25.162500,9;
2019-04-05;16:54:00.256,1.268629,-1.718634,-2.015445,-0.412823,2.990967,-0.045277,-32.360500,22.173500,-23.363000,9;
2019-04-05;16:54:00.296,-0.550537,-0.244151,-3.662269,-0.159802,2.128035,-0.037287,-31.750500,21.563500,-21.563500,9;
2019-04-05;16:54:00.336,-1.938848,0.330322,-4.447383,-0.740418,0.506041,-0.183773,-31.750500,23.363000,-18.574501,9;
2019-04-05;16:54:00.376,-2.388853,0.588835,-3.355883,-0.444783,-0.447447,-0.066584,-31.750500,23.973000,-18.574501,9;
2019-04-05;16:54:00.416,-1.383524,1.728208,-1.402673,0.018644,-1.086656,-0.130505,-30.561000,23.363000,-19.184500,9;
2019-04-05;16:54:00.456,1.326077,0.655857,2.465449,-0.111862,-2.301154,-0.402169,-29.981500,23.363000,-20.374000,9;
2019-04-05;16:54:00.496,2.953752,0.292024,2.848432,-0.119852,-2.615432,-0.455437,-32.970500,25.162500,-24.583000,9;
2019-04-05;16:54:00.542,6.161230,-0.062235,5.941015,0.516694,-3.403790,-0.330258,-37.759000,26.382500,-29.371500,9;
2019-04-05;16:54:00.582,6.841023,-0.876072,8.305931,0.471417,-3.715405,-0.215733,-39.558502,26.962000,-32.360500,9;
2019-04-05;16:54:00.622,10.527229,-1.843103,10.010203,0.838962,-3.904504,-0.165129,-41.358000,23.973000,-36.569500,9;
2019-04-05;16:54:00.662,12.652781,-6.697405,10.776168,0.367545,-3.925811,-0.135832,-45.567000,25.162500,-38.369000,9;
2019-04-05;16:54:00.702,12.595334,-5.471861,13.370873,0.117188,-3.012274,1.219825,-49.745500,23.973000,-41.968002,9;
2019-04-05;16:54:00.742,11.657027,-6.793150,11.159150,-0.213070,-2.391709,1.829737,-52.155000,26.382500,-41.358000,9;
2019-04-05;16:54:00.782,10.278291,-2.580344,15.544299,0.838962,-2.325124,2.205272,-52.765000,23.363000,-40.748000,9;
2019-04-05;16:54:00.822,11.791071,-2.408002,13.160233,0.364882,-1.281082,2.527540,-51.545002,22.173500,-43.157500,9;
2019-04-05;16:54:00.862,11.953838,-0.205853,10.632549,1.118617,-0.743081,2.935037,-52.155000,19.764000,-44.347000,9;
2019-04-05;16:54:00.902,11.944264,2.053743,9.751690,1.331686,-0.183773,2.868452,-50.355500,16.775000,-43.767500,9;
2019-04-05;16:54:00.942,9.502751,5.127177,9.186790,1.137260,0.154476,2.756591,-47.366500,14.975500,-44.347000,9;
2019-04-05;16:54:00.989,9.071896,4.246317,6.505914,1.528776,0.391516,1.744509,-44.957000,10.766500,-42.547500,9;
2019-04-05;16:54:01.030,8.315506,2.743112,4.926111,1.123943,0.532674,1.230478,-43.767500,7.777500,-44.347000,9;
2019-04-05;16:54:01.071,7.089962,0.847349,3.825037,0.487397,0.364882,0.450110,-41.968002,5.978000,-45.567000,9;
2019-04-05;16:54:01.112,6.917620,-0.885647,3.078221,0.106535,0.170456,0.199753,-41.358000,5.368000,-43.157500,9;
2019-04-05;16:54:01.153,7.137835,-1.546292,5.232497,0.354229,-0.109198,0.074574,-41.968002,4.178500,-44.347000,9;
2019-04-05;16:54:01.193,7.118686,-1.814379,4.964410,-0.085228,-0.143822,-0.042614,-42.547500,5.978000,-44.347000,9;
2019-04-05;16:54:01.233,7.070813,-2.398427,7.300602,-0.058594,-0.231713,-0.085228,-42.547500,5.978000,-44.347000,9;
2019-04-05;16:54:01.273,7.051664,-2.455875,6.764427,-0.151812,-0.135832,-0.066584,-42.547500,7.777500,-43.157500,Unknown;
2019-04-05;16:54:01.313,7.070813,-2.254809,7.291027,0.034624,-0.159802,-0.047941,-44.347000,7.167500,-43.767500,Unknown;
2019-04-05;16:54:01.353,6.975067,-2.235660,7.233581,0.026634,-0.039951,-0.103872,-43.767500,5.978000,-43.767500,Unknown;
2019-04-05;16:54:01.393,7.195282,-2.522897,7.176133,0.095881,0.015980,-0.207743,-42.547500,7.167500,-45.567000,Unknown;
2019-04-05;16:54:01.433,7.176133,-2.647366,6.649532,0.055931,0.069248,-0.181109,-41.968002,7.167500,-45.567000,Unknown;
2019-04-05;16:54:01.473,7.013366,-2.810134,6.525063,0.061258,0.090555,-0.098545,-41.968002,5.978000,-43.157500,Unknown;
2019-04-05;16:54:01.513,6.898471,-2.676090,6.132506,0.021307,0.074574,-0.047941,-41.968002,7.167500,-44.347000,Unknown;
2019-04-05;16:54:01.553,6.793150,-2.293107,6.161230,0.002663,0.042614,-0.015980,-42.547500,7.167500,-45.567000,Unknown;
2019-04-05;16:54:01.593,7.051664,-2.829283,6.304848,-0.154476,0.026634,-0.063921,-41.968002,5.368000,-43.157500,Unknown;
2019-04-05;16:54:01.633,7.099536,-2.321831,6.429318,0.037287,-0.034624,0.037287,-41.358000,7.167500,-43.157500,Unknown;
2019-04-05;16:54:01.674,6.936769,-2.312256,6.419743,-0.053267,-0.039951,0.026634,-42.547500,7.167500,-43.157500,Unknown;
2019-04-05;16:54:01.714,7.147409,-2.283533,6.458041,-0.063921,-0.034624,0.010653,-42.547500,5.368000,-43.767500,Unknown;
2019-04-05;16:54:01.754,7.176133,-2.427151,6.601659,-0.090555,0.000000,-0.026634,-42.547500,5.368000,-43.767500,Unknown;
2019-04-05;16:54:01.794,7.051664,-2.475024,6.496339,-0.074574,0.026634,0.015980,-44.347000,7.167500,-43.767500,Unknown;
2019-04-05;16:54:01.834,6.821874,-2.379278,6.534637,-0.007990,0.010653,0.013317,-43.767500,7.777500,-45.567000,Unknown;
2019-04-05;16:54:01.874,6.927195,-2.484598,6.295273,0.000000,0.007990,-0.002663,-41.968002,7.777500,-45.567000,Unknown;
2019-04-05;16:54:01.914,6.975067,-2.245235,6.572936,0.018644,-0.015980,0.005327,-44.347000,7.777500,-44.347000,Unknown;
2019-04-05;16:54:01.954,7.195282,-2.273958,6.534637,-0.053267,-0.034624,-0.042614,-42.547500,7.777500,-43.157500,Unknown;
2019-04-05;16:54:01.994,7.176133,-1.948423,6.649532,-0.031960,-0.018644,-0.042614,-42.547500,8.387500,-44.347000,Unknown;
2019-04-05;16:54:02.034,7.089962,-2.168638,6.486765,-0.103872,0.010653,-0.077238,-41.968002,7.777500,-43.157500,Unknown;
2019-04-05;16:54:02.074,7.865501,-2.149489,6.065484,-0.079901,0.063921,-0.069248,-44.347000,7.167500,-44.347000,Unknown;
2019-04-05;16:54:02.114,8.746361,-2.063318,5.854844,0.007990,0.178446,0.077238,-44.957000,8.387500,-43.767500,Unknown;
2019-04-05;16:54:02.154,9.052747,-0.569686,7.176133,0.205080,0.276991,0.178446,-41.358000,7.167500,-43.767500,Unknown;
2019-04-05;16:54:02.194,6.620809,1.316502,9.158067,-0.684487,0.737754,0.101208,-42.547500,8.387500,-45.567000,Unknown;
2019-04-05;16:54:02.235,5.749524,3.039923,11.972988,-0.266337,0.751071,-0.316941,-41.358000,7.167500,-44.347000,Unknown;
2019-04-05;16:54:02.275,6.582510,2.992050,12.786825,-0.165129,0.902883,-0.998765,-39.558502,8.967000,-42.547500,Unknown;
2019-04-05;16:54:02.315,9.081471,1.067564,15.199615,-0.119852,1.374300,-2.149342,-40.168500,9.577000,-41.358000,Unknown;
2019-04-05;16:54:02.355,9.464453,-1.910125,13.763431,-0.487397,1.949589,-2.343768,-39.558502,10.766500,-41.358000,Unknown;
2019-04-05;16:54:02.395,10.622974,-3.250563,14.586843,-0.189099,2.255876,-2.314471,-39.558502,12.566000,-38.948500,Unknown;
2019-04-05;16:54:02.435,8.995299,-6.065484,9.703817,-0.881576,3.449067,-1.542093,-34.770000,15.585500,-36.569500,Unknown;
2019-04-05;16:54:02.475,6.055910,-5.203774,7.204857,-0.074574,3.563592,-0.721774,-30.561000,19.184500,-31.750500,Unknown;
2019-04-05;16:54:02.515,3.604822,-4.227169,7.128260,0.071911,3.334543,-0.615239,-30.561000,19.184500,-29.981500,Unknown;
2019-04-05;16:54:02.555,2.599493,-3.815462,6.592085,0.037287,2.945690,-0.647200,-29.981500,19.184500,-25.162500,Unknown;
2019-04-05;16:54:02.595,0.943094,-3.097370,5.404839,-0.175783,2.279847,-0.687150,-29.371500,20.374000,-20.374000,Unknown;
2019-04-05;16:54:02.635,0.263300,-1.766506,5.443138,-0.202416,1.992203,-0.724437,-29.371500,19.764000,-19.184500,Unknown;
2019-04-05;16:54:02.675,-0.464366,-1.795230,3.920783,-0.300961,1.701895,-0.812329,-28.182001,19.764000,-18.574501,Unknown;
2019-04-05;16:54:02.715,-0.914371,-1.910125,3.805888,0.213070,0.436793,-0.878913,-31.750500,22.173500,-16.165000,Unknown;
2019-04-05;16:54:02.755,-0.579261,-2.494173,4.073976,0.372872,0.063921,-0.974794,-31.750500,23.363000,-16.165000,Unknown;
2019-04-05;16:54:02.796,-0.502664,-2.752686,5.385690,0.769715,-0.101208,-0.868259,-33.550000,22.783500,-17.385000,Unknown;
2019-04-05;16:54:02.836,-0.856923,-0.579261,7.549541,0.737754,-0.082565,-0.197090,-32.360500,26.382500,-17.385000,Unknown;
2019-04-05;16:54:02.876,-1.326077,-0.272875,8.028269,0.135832,-0.047941,-0.023970,-34.160000,26.382500,-18.574501,Unknown;
2019-04-05;16:54:02.916,-1.354800,-1.239906,8.765511,-0.231713,-0.042614,0.079901,-32.970500,25.772501,-18.574501,Unknown;
2019-04-05;16:54:02.956,-1.670761,-1.287778,9.531475,-0.255684,-0.007990,0.130505,-32.970500,23.973000,-17.385000,Unknown;
2019-04-05;16:54:02.996,-1.613313,-0.368621,8.870831,-0.138495,-0.013317,0.165129,-31.750500,23.973000,-17.385000,Unknown;
2019-04-05;16:54:03.036,-1.431397,-1.230331,9.052747,-0.162466,-0.058594,0.095881,-33.550000,25.162500,-17.385000,Start_gesture;
2019-04-05;16:54:03.076,-1.555866,-1.536717,9.426155,0.000000,-0.077238,0.061258,-31.750500,22.173500,-19.184500,Start_gesture;
2019-04-05;16:54:03.116,-1.622888,-1.000542,9.263388,-0.263674,-0.029297,0.045277,-31.750500,25.772501,-18.574501,Start_gesture;
2019-04-05;16:54:03.156,-1.613313,-1.603739,9.521900,-0.234377,-0.045277,0.047941,-31.750500,23.973000,-17.385000,Start_gesture;
2019-04-05;16:54:03.196,-1.651612,-1.086713,9.292110,0.007990,-0.050604,0.039951,-32.970500,25.162500,-17.385000,Start_gesture;
2019-04-05;16:54:03.236,-1.450546,-1.517568,9.722966,-0.021307,-0.058594,0.018644,-32.360500,23.363000,-16.775000,Start_gesture;
2019-04-05;16:54:03.276,-1.498419,-1.125011,9.588923,-0.015980,-0.021307,0.026634,-34.160000,22.783500,-18.574501,Start_gesture;
2019-04-05;16:54:03.316,-1.536717,-1.709059,9.627220,-0.066584,-0.005327,0.023970,-30.561000,23.973000,-16.775000,Start_gesture;
2019-04-05;16:54:03.357,-1.575015,-1.000542,9.560199,-0.031960,0.021307,0.023970,-32.970500,23.973000,-18.574501,Start_gesture;
2019-04-05;16:54:03.397,-1.555866,-1.709059,9.263388,-0.119852,0.037287,0.015980,-30.561000,22.783500,-17.385000,Start_gesture;
2019-04-05;16:54:03.437,-1.642037,-0.962243,9.234664,0.082565,0.023970,0.026634,-31.750500,23.363000,-16.775000,Start_gesture;
2019-04-05;16:54:03.477,-1.929274,-0.971818,8.909128,-0.039951,0.037287,0.034624,-30.561000,23.973000,-17.385000,Start_gesture;
2019-04-05;16:54:03.517,-1.699485,-1.345226,8.851681,-0.063921,-0.013317,0.005327,-30.561000,23.973000,-17.385000,Start_gesture;
2019-04-05;16:54:03.557,-1.584590,-1.785656,9.272962,0.026634,-0.050604,-0.045277,-32.360500,23.973000,-17.385000,Start_gesture;
2019-04-05;16:54:03.597,-1.584590,-1.316502,9.272962,0.047941,-0.047941,-0.031960,-31.750500,23.363000,-18.574501,Start_gesture;
2019-04-05;16:54:03.637,-1.507993,-1.651612,9.205940,-0.055931,-0.045277,0.031960,-32.970500,25.162500,-19.764000,Start_gesture;
2019-04-05;16:54:03.677,-1.622888,-1.479270,9.225089,0.098545,-0.066584,0.071911,-32.360500,23.973000,-17.385000,Start_gesture;
2019-04-05;16:54:03.717,-1.287778,-1.230331,9.205940,0.149149,-0.087891,0.069248,-29.981500,22.173500,-16.775000,Start_gesture;
2019-04-05;16:54:03.757,-1.306927,-1.278204,9.071896,0.125179,-0.090555,0.071911,-30.561000,22.783500,-18.574501,Start_gesture;
2019-04-05;16:54:03.797,-1.354800,-1.010116,9.052747,0.018644,-0.053267,0.122515,-32.970500,23.973000,-19.184500,Start_gesture;
2019-04-05;16:54:03.837,-1.642037,-1.153735,9.531475,0.090555,-0.069248,0.127842,-32.360500,22.783500,-18.574501,Start_gesture;
2019-04-05;16:54:03.877,-1.670761,-0.550537,9.454879,0.157139,-0.055931,0.111862,-30.561000,22.783500,-17.385000,Start_gesture;
2019-04-05;16:54:03.918,-1.575015,-0.952669,9.387856,0.045277,-0.045277,0.093218,-30.561000,23.363000,-17.385000,Start_gesture;
2019-04-05;16:54:03.958,-1.546292,-0.588835,9.627220,-0.005327,-0.050604,-0.013317,-30.561000,22.783500,-18.574501,Start_gesture;
2019-04-05;16:54:03.998,-1.373949,-1.230331,9.885734,-0.045277,-0.047941,-0.061258,-31.750500,23.973000,-18.574501,Start_gesture;
2019-04-05;16:54:04.038,-1.335651,-0.225002,9.416580,0.013317,-0.015980,-0.082565,-32.360500,22.783500,-17.385000,Start_gesture;
2019-04-05;16:54:04.078,-1.460120,-1.144160,9.071896,-0.300961,0.007990,-0.109198,-30.561000,23.363000,-18.574501,Start_gesture;
2019-04-05;16:54:04.118,-1.431397,-1.096287,9.110194,0.018644,-0.018644,-0.093218,-30.561000,25.162500,-17.385000,Start_gesture;
2019-04-05;16:54:04.158,-1.354800,-1.364375,9.378282,0.029297,-0.026634,-0.063921,-30.561000,22.783500,-18.574501,Start_gesture;
2019-04-05;16:54:04.198,-1.440971,-1.105862,9.512326,0.031960,-0.023970,-0.005327,-29.981500,23.363000,-18.574501,Start_gesture;
2019-04-05;16:54:04.238,-1.421822,-1.316502,9.579348,0.026634,-0.013317,-0.013317,-31.750500,23.973000,-18.574501,Start_gesture;
2019-04-05;16:54:04.278,-1.306927,-1.096287,9.560199,0.077238,0.010653,-0.021307,-30.561000,22.783500,-18.574501,Start_gesture;
2019-04-05;16:54:04.318,-1.335651,-1.249480,9.521900,0.007990,0.023970,0.002663,-31.750500,23.363000,-18.574501,Start_gesture;
2019-04-05;16:54:04.358,-1.383524,-1.057989,9.311260,0.000000,0.037287,-0.007990,-29.371500,23.973000,-17.385000,Start_gesture;
2019-04-05;16:54:04.398,-1.507993,-1.067564,9.531475,-0.010653,0.023970,0.010653,-32.970500,23.363000,-18.574501,Start_gesture;
2019-04-05;16:54:04.438,-1.412248,-1.057989,9.263388,0.002663,0.031960,-0.007990,-31.750500,23.973000,-19.764000,Start_gesture;
2019-04-05;16:54:04.479,-1.373949,-1.345226,9.387856,0.010653,0.029297,-0.002663,-31.750500,23.363000,-18.574501,Start_gesture;
2019-04-05;16:54:04.520,-1.603739,-1.105862,9.282537,-0.010653,0.045277,0.007990,-32.970500,23.973000,-18.574501,9;
2019-04-05;16:54:04.560,-1.575015,-1.546292,9.368708,0.015980,0.031960,0.013317,-34.160000,23.973000,-19.764000,9;
2019-04-05;16:54:04.601,-1.670761,-2.063318,9.502751,0.122515,0.034624,0.087891,-31.750500,23.363000,-19.184500,9;
2019-04-05;16:54:04.641,-1.699485,-2.944177,9.751690,0.223723,0.042614,0.165129,-32.970500,22.783500,-19.764000,9;
2019-04-05;16:54:04.681,-1.613313,-4.112274,10.058076,0.287644,0.111862,0.327595,-30.561000,22.783500,-19.184500,9;
2019-04-05;16:54:04.721,-1.460120,-5.175050,9.732541,0.287644,0.135832,0.495387,-31.750500,22.173500,-19.184500,9;
2019-04-05;16:54:04.761,-0.828200,-5.462287,7.386774,0.178446,0.263674,1.360983,-27.572000,21.563500,-19.764000,9;
2019-04-05;16:54:04.802,-0.742028,-5.031432,6.611234,0.298298,0.159802,1.781796,-28.761500,19.184500,-19.184500,9;
2019-04-05;16:54:04.842,-0.119682,-3.777164,6.055910,0.356892,0.069248,2.080094,-28.761500,18.574501,-18.574501,9;
2019-04-05;16:54:04.882,1.756932,-0.971818,5.060155,0.058594,-0.306288,2.697996,-24.583000,12.566000,-19.184500,9;
2019-04-05;16:54:04.922,2.235660,1.048414,3.968655,-0.697804,-0.364882,2.844482,-22.173500,7.777500,-19.764000,9;
2019-04-05;16:54:04.962,2.273958,2.532471,1.900550,-1.267765,-0.745744,2.756591,-22.783500,4.788500,-20.374000,9;
2019-04-05;16:54:05.002,2.408002,5.261221,3.834611,-0.988111,-1.334350,2.357085,-22.783500,4.178500,-21.563500,9;
2019-04-05;16:54:05.043,4.763344,6.343146,6.687830,-0.953487,-2.554174,0.609912,-25.162500,0.579500,-24.583000,9;
2019-04-05;16:54:05.084,6.400594,8.248484,9.531475,-0.130505,-3.006947,0.215733,-26.382500,0.579500,-29.981500,9;
2019-04-05;16:54:05.124,5.960164,9.895309,13.935773,-0.090555,-3.078859,-0.617902,-27.572000,0.579500,-32.970500,9;
2019-04-05;16:54:05.164,7.329326,9.138918,17.593254,-0.335585,-2.916393,-1.400934,-28.182001,1.769000,-34.770000,9;
2019-04-05;16:54:05.204,8.727212,4.083550,19.326250,-0.117188,-1.725865,-2.796541,-34.160000,5.978000,-37.759000,9;
2019-04-05;16:54:05.244,8.449550,2.829283,19.402847,0.223723,-1.068012,-3.004284,-36.569500,8.967000,-39.558502,9;
2019-04-05;16:54:05.284,8.104865,1.900550,19.144333,0.125179,-0.274327,-2.897749,-37.759000,11.986500,-39.558502,9;
2019-04-05;16:54:05.324,7.578265,0.062235,19.556040,0.138495,1.193191,-2.852472,-37.149002,14.975500,-40.748000,9;
2019-04-05;16:54:05.364,8.880404,-1.211182,18.703903,-0.263674,1.957579,-2.639402,-38.369000,16.775000,-37.759000,9;
2019-04-05;16:54:05.404,9.138918,-4.696322,17.937939,-0.572625,2.468946,-2.548847,-38.369000,20.374000,-37.759000,9;
2019-04-05;16:54:05.444,7.415497,-4.322914,8.966576,-0.775041,3.781989,-1.195854,-34.770000,22.173500,-32.360500,9;
2019-04-05;16:54:05.484,5.960164,-3.959081,4.753769,-0.561972,3.824603,-0.639209,-34.770000,23.363000,-27.572000,9;
2019-04-05;16:54:05.524,2.848432,-3.202690,0.387770,-0.444783,3.523642,-0.221060,-32.970500,25.772501,-24.583000,9;
2019-04-05;16:54:05.564,-0.540963,0.023936,-5.615480,-1.150577,1.925618,-0.119852,-32.970500,26.962000,-19.184500,9;
2019-04-05;16:54:05.605,-1.469695,0.665432,-3.892059,-1.446211,1.070676,-0.090555,-32.970500,25.162500,-18.574501,9;
2019-04-05;16:54:05.645,-2.685664,0.540963,-2.226085,-1.225151,0.242367,-0.007990,-31.750500,25.772501,-14.975500,9;
2019-04-05;16:54:05.685,-2.293107,1.890976,0.694156,-0.143822,-0.607249,-0.114525,-32.360500,25.162500,-16.775000,9;
2019-04-05;16:54:05.725,-0.809050,0.694156,2.044169,0.050604,-1.456865,-0.311615,-33.550000,26.962000,-19.184500,9;
2019-04-05;16:54:05.765,0.014362,0.694156,2.417577,0.380862,-1.997529,-0.351565,-33.550000,26.962000,-17.385000,9;
2019-04-05;16:54:05.805,1.996296,-0.081384,4.083550,0.412823,-2.548847,-0.420813,-35.959500,25.772501,-22.173500,9;
2019-04-05;16:54:05.845,3.576098,-1.259055,3.394182,0.340912,-2.868452,-0.447447,-35.959500,26.962000,-25.162500,9;
2019-04-05;16:54:05.885,3.815462,-1.125011,6.458041,0.740418,-3.313236,-0.221060,-38.369000,26.962000,-27.572000,9;
2019-04-05;16:54:05.925,9.751690,-4.006954,10.632549,0.577952,-3.734048,0.026634,-42.547500,26.962000,-33.550000,9;
2019-04-05;16:54:05.965,11.264470,-3.355883,13.619812,0.854943,-3.845910,0.386189,-44.957000,26.382500,-36.569500,9;
2019-04-05;16:54:06.005,12.624058,-3.288861,10.421909,-0.956151,-3.177404,0.737754,-48.556000,26.382500,-38.948500,9;
2019-04-05;16:54:06.045,10.699572,-5.098454,12.844273,-1.962905,-2.951017,1.329023,-49.166000,26.962000,-38.948500,9;
2019-04-05;16:54:06.085,12.078308,-5.366541,14.117689,-0.154476,-2.668699,1.720539,-51.545002,28.761500,-38.369000,9;
2019-04-05;16:54:06.125,12.748528,-4.954835,12.490014,0.090555,-2.263867,2.170649,-53.954502,25.772501,-38.369000,9;
2019-04-05;16:54:06.166,13.208106,-6.965493,9.445304,-0.087891,-1.864361,2.258540,-51.545002,26.962000,-39.558502,9;
2019-04-05;16:54:06.207,11.408089,-0.292024,9.560199,1.262439,-1.185201,2.849809,-49.166000,22.173500,-40.748000,9;
2019-04-05;16:54:06.247,11.005958,0.100533,7.683585,0.908210,-0.740418,2.471610,-49.166000,21.563500,-39.558502,9;
2019-04-05;16:54:06.287,10.785743,1.019691,5.462287,1.480835,-0.548655,2.466283,-47.946000,18.574501,-41.968002,9;
2019-04-05;16:54:06.327,8.813383,3.432480,4.868664,1.036052,-0.149149,1.472845,-45.567000,14.365500,-43.767500,9;
2019-04-05;16:54:06.367,6.860173,1.766506,4.638875,1.078666,-0.167792,0.961477,-47.366500,13.176001,-44.347000,9;
2019-04-05;16:54:06.407,7.530392,1.144160,5.902717,1.376964,-0.271664,0.625892,-44.347000,10.766500,-43.157500,9;
2019-04-05;16:54:06.447,7.271879,-3.442054,5.941015,0.055931,-0.007990,0.018644,-45.567000,10.766500,-44.347000,Unknown;
2019-04-05;16:54:06.487,7.913374,-3.959081,5.931440,0.418150,-0.010653,-0.119852,-46.146500,10.766500,-46.146500,Unknown;
2019-04-05;16:54:06.527,7.501668,-3.949506,5.462287,0.079901,0.103872,-0.010653,-44.957000,9.577000,-45.567000,Unknown;
2019-04-05;16:54:06.567,7.109111,-4.552703,5.251646,-0.037287,0.146485,-0.010653,-44.957000,10.766500,-44.347000,Unknown;
2019-04-05;16:54:06.607,6.927195,-3.164392,5.797396,-0.111862,0.106535,0.015980,-45.567000,8.967000,-43.767500,Unknown;
2019-04-05;16:54:06.647,7.176133,-3.365458,5.433563,-0.045277,0.079901,-0.079901,-44.957000,8.967000,-45.567000,Unknown;
2019-04-05;16:54:06.688,7.070813,-3.260138,5.941015,0.133169,-0.005327,-0.061258,-45.567000,11.376500,-43.157500,Unknown;
2019-04-05;16:54:06.731,7.319751,-3.825037,5.720800,-0.071911,0.007990,-0.101208,-44.347000,10.766500,-44.347000,Unknown;
2019-04-05;16:54:06.772,7.204857,-3.719717,6.084633,0.010653,0.000000,-0.082565,-43.767500,10.766500,-44.347000,Unknown;
2019-04-05;16:54:06.812,7.386774,-3.336734,5.931440,-0.151812,0.058594,-0.066584,-44.957000,11.376500,-43.767500,Unknown;
2019-04-05;16:54:06.852,7.022940,-3.652695,5.883567,-0.383526,0.066584,-0.058594,-44.957000,9.577000,-44.347000,Unknown;
2019-04-05;16:54:06.892,7.166558,-3.825037,5.596331,-0.466090,0.069248,-0.114525,-44.347000,10.766500,-44.347000,Unknown;
2019-04-05;16:54:06.932,7.252729,-4.054826,5.759098,-0.170456,-0.005327,-0.122515,-46.146500,11.986500,-43.767500,Unknown;
2019-04-05;16:54:06.972,7.271879,-3.834611,5.433563,-0.122515,0.007990,-0.098545,-45.567000,11.986500,-43.157500,Unknown;
2019-04-05;16:54:07.012,7.156984,-4.064401,5.644203,-0.090555,0.000000,0.000000,-44.957000,11.986500,-46.146500,Unknown;
2019-04-05;16:54:07.052,7.195282,-4.083550,5.893142,-0.002663,-0.029297,-0.045277,-44.957000,11.376500,-44.347000,Unknown;
2019-04-05;16:54:07.092,7.147409,-3.939932,5.941015,-0.122515,0.029297,-0.039951,-45.567000,11.986500,-44.347000,Unknown;
2019-04-05;16:54:07.132,7.243155,-3.796313,5.778247,-0.093218,0.069248,-0.005327,-42.547500,12.566000,-44.347000,Unknown;
2019-04-05;16:54:07.172,7.233581,-3.844186,6.103782,-0.050604,0.021307,0.013317,-44.347000,14.365500,-45.567000,Unknown;
2019-04-05;16:54:07.212,7.281453,-3.422905,5.672927,-0.087891,0.039951,-0.037287,-44.957000,12.566000,-43.157500,Unknown;
2019-04-05;16:54:07.252,7.329326,-3.959081,5.663353,-0.135832,0.058594,-0.050604,-44.347000,12.566000,-43.767500,Unknown;
2019-04-05;16:54:07.293,7.482519,-3.614397,5.347392,-0.029297,0.109198,-0.047941,-44.347000,13.176001,-43.157500,Unknown;
2019-04-05;16:54:07.334,7.702734,-3.154818,5.222923,0.058594,0.149149,0.053267,-42.547500,10.766500,-44.347000,Unknown;
2019-04-05;16:54:07.374,8.506997,-1.804805,8.028269,0.117188,0.434130,0.005327,-42.547500,13.176001,-43.767500,Unknown;
2019-04-05;16:54:07.414,8.095291,-0.646283,9.799562,0.042614,0.801675,0.242367,-43.767500,11.376500,-43.157500,Unknown;
2019-04-05;16:54:07.454,7.922949,-2.063318,10.297440,-0.189099,1.153240,0.199753,-41.968002,12.566000,-42.547500,Unknown;
2019-04-05;16:54:07.494,7.013366,-0.780327,11.149575,0.199753,1.712549,-0.079901,-39.558502,11.986500,-41.358000,Unknown;
2019-04-05;16:54:07.534,5.902717,-3.825037,11.647452,-0.487397,1.906975,-0.681823,-38.369000,11.986500,-40.748000,Unknown;
2019-04-05;16:54:07.574,6.218677,-4.284616,10.297440,-0.114525,2.045470,-0.897557,-37.759000,11.986500,-37.759000,Unknown;
2019-04-05;16:54:07.614,6.783576,-4.275041,10.469782,0.394179,2.125371,-0.894893,-34.770000,13.176001,-37.149002,Unknown;
2019-04-05;16:54:07.654,6.218677,-5.586756,9.186790,0.255684,2.365075,-0.852279,-32.360500,13.176001,-34.160000,Unknown;
2019-04-05;16:54:07.694,4.772918,-4.792067,9.943181,0.724437,2.389045,-0.695140,-31.750500,13.176001,-32.970500,Unknown;
2019-04-05;16:54:07.734,4.026103,-4.897387,8.755936,0.545991,2.466283,-0.719111,-29.371500,12.566000,-29.981500,Unknown;
2019-04-05;16:54:07.774,3.719717,-3.978230,8.487848,0.711121,2.319797,-0.721774,-28.761500,14.365500,-29.371500,Unknown;
2019-04-05;16:54:07.814,2.005870,-3.078221,7.626137,0.556645,2.088084,-0.745744,-28.182001,14.975500,-25.162500,Unknown;
2019-04-05;16:54:07.855,1.938848,-2.886730,6.601659,0.522021,1.848381,-0.865596,-27.572000,15.585500,-25.772501,Unknown;
2019-04-05;16:54:07.896,0.636708,-3.020774,6.553787,0.569962,1.619331,-0.825646,-25.772501,16.775000,-22.173500,Unknown;
2019-04-05;16:54:07.936,0.684581,-2.044169,6.630383,0.860269,1.190528,-0.814992,-26.382500,15.585500,-21.563500,Unknown;
2019-04-05;16:54:07.976,0.004787,-0.895221,6.975067,0.862933,0.673833,-0.913537,-27.572000,18.574501,-20.374000,Unknown;
2019-04-05;16:54:08.016,-0.311173,-0.569686,6.706980,0.625892,0.511368,-0.932180,-27.572000,19.184500,-17.385000,Unknown;
2019-04-05;16:54:08.056,-0.579261,-0.100533,6.582510,0.271664,0.306288,-1.070676,-29.371500,20.374000,-19.764000,Unknown;
2019-04-05;16:54:08.096,-0.311173,-0.646283,6.352721,-0.125179,0.119852,-1.201181,-29.371500,22.173500,-19.764000,Unknown;
2019-04-05;16:54:08.136,0.186704,-2.925028,8.152739,0.226387,-0.175783,-1.068012,-30.561000,23.973000,-19.184500,Unknown;
2019-04-05;16:54:08.176,-0.033511,-2.408002,8.411251,0.378199,-0.066584,-0.743081,-31.750500,25.772501,-21.563500,Unknown;
2019-04-05;16:54:08.216,-0.473941,-1.814379,8.506997,0.141159,-0.026634,-0.420813,-32.360500,25.772501,-20.374000,Unknown;
2019-04-05;16:54:08.256,-1.211182,-2.273958,8.717637,-0.322268,-0.007990,-0.050604,-32.970500,25.772501,-19.764000,Unknown;
2019-04-05;16:54:08.296,-1.239906,-1.029265,8.985725,0.015980,-0.058594,-0.047941,-32.970500,25.772501,-19.184500,Unknown;
2019-04-05;16:54:08.336,-1.297353,-0.703730,9.359133,-0.010653,-0.082565,-0.066584,-32.360500,25.772501,-20.374000,Unknown;
2019-04-05;16:54:08.376,-0.876072,-1.421822,9.330409,0.101208,-0.106535,-0.071911,-32.970500,25.162500,-18.574501,Start_gesture;
2019-04-05;16:54:08.417,-0.856923,-1.421822,9.732541,0.063921,-0.050604,-0.050604,-34.160000,25.772501,-20.374000,Start_gesture;
2019-04-05;16:54:08.457,-0.981392,-1.182458,9.895309,0.138495,-0.018644,-0.061258,-34.770000,25.772501,-20.374000,Start_gesture;
2019-04-05;16:54:08.497,-0.981392,-1.077138,9.904882,0.053267,0.018644,-0.007990,-32.970500,25.772501,-20.374000,Start_gesture;
2019-04-05;16:54:08.537,-1.057989,-1.038840,9.598496,-0.010653,0.055931,-0.007990,-33.550000,23.973000,-18.574501,Start_gesture;
2019-04-05;16:54:08.577,-0.933520,-1.077138,9.339984,0.079901,0.039951,0.005327,-34.160000,25.772501,-19.764000,Start_gesture;
2019-04-05;16:54:08.617,-1.172884,-1.479270,9.435729,-0.021307,0.037287,0.031960,-33.550000,25.772501,-20.984001,Start_gesture;
2019-04-05;16:54:08.657,-1.010116,-1.077138,9.186790,0.015980,0.026634,0.026634,-34.770000,25.772501,-20.374000,Start_gesture;
2019-04-05;16:54:08.697,-1.105862,-0.837774,9.397431,-0.077238,0.021307,0.039951,-32.360500,26.962000,-20.374000,Start_gesture;
2019-04-05;16:54:08.737,-0.971818,-0.665432,9.435729,0.007990,0.010653,0.047941,-32.360500,25.772501,-20.374000,Start_gesture;
2019-04-05;16:54:08.777,-0.962243,-0.876072,9.493176,0.010653,0.029297,0.015980,-32.970500,25.772501,-19.764000,Start_gesture;
2019-04-05;16:54:08.817,-1.038840,-0.713305,9.378282,0.029297,0.026634,0.010653,-32.970500,25.772501,-19.764000,Start_gesture;
2019-04-05;16:54:08.857,-1.000542,-1.105862,9.454879,-0.005327,0.010653,-0.013317,-32.360500,25.772501,-19.764000,Start_gesture;
2019-04-05;16:54:08.897,-1.134585,-1.048414,9.320834,0.007990,0.021307,-0.013317,-31.750500,25.772501,-19.764000,Start_gesture;
2019-04-05;16:54:08.937,-1.172884,-1.488844,9.359133,-0.069248,0.026634,-0.005327,-33.550000,26.382500,-20.374000,Start_gesture;
2019-04-05;16:54:08.978,-1.220756,-1.029265,9.387856,-0.015980,0.013317,0.021307,-32.970500,26.962000,-19.184500,Start_gesture;
2019-04-05;16:54:09.019,-1.278204,-1.326077,9.301685,-0.082565,0.026634,0.034624,-33.550000,25.162500,-19.764000,Start_gesture;
2019-04-05;16:54:09.059,-1.239906,-0.933520,9.129343,0.005327,0.015980,0.013317,-33.550000,25.772501,-20.374000,Start_gesture;
2019-04-05;16:54:09.099,-1.096287,-1.268629,9.244238,-0.037287,-0.002663,0.007990,-34.160000,23.973000,-19.764000,Start_gesture;
2019-04-05;16:54:09.139,-1.000542,-1.354800,9.339984,-0.109198,-0.007990,-0.005327,-32.360500,26.382500,-20.374000,Start_gesture;
2019-04-05;16:54:09.179,-1.019691,-1.364375,9.474028,-0.063921,-0.023970,0.013317,-34.160000,25.772501,-18.574501,Start_gesture;
2019-04-05;16:54:09.219,-0.933520,-0.952669,9.320834,-0.031960,-0.013317,0.010653,-32.970500,23.973000,-20.374000,Start_gesture;
2019-04-05;16:54:09.261,-1.000542,-0.971818,9.253813,0.018644,-0.013317,0.007990,-34.160000,25.162500,-18.574501,Start_gesture;
2019-04-05;16:54:09.302,-1.239906,-1.268629,9.301685,-0.050604,-0.026634,-0.018644,-33.550000,25.772501,-19.184500,Start_gesture;
2019-04-05;16:54:09.342,-1.000542,-1.440971,9.541050,0.018644,-0.053267,-0.042614,-33.550000,25.162500,-18.574501,Start_gesture;
2019-04-05;16:54:09.382,-1.163309,-1.575015,9.502751,-0.101208,0.000000,-0.002663,-34.160000,25.162500,-19.184500,Start_gesture;
2019-04-05;16:54:09.422,-1.182458,-1.393099,9.493176,-0.021307,-0.002663,0.010653,-33.550000,25.772501,-20.374000,Start_gesture;
2019-04-05;16:54:09.462,-1.115436,-1.230331,9.502751,0.005327,0.000000,0.002663,-33.550000,23.973000,-19.184500,Start_gesture;
2019-04-05;16:54:09.502,-0.990967,-1.373949,9.474028,0.007990,0.015980,0.000000,-32.970500,25.772501,-19.184500,Start_gesture;
2019-04-05;16:54:09.543,-1.086713,-1.517568,9.349558,0.005327,0.029297,0.018644,-34.770000,25.162500,-19.184500,Start_gesture;
2019-04-05;16:54:09.584,-0.943094,-1.268629,9.292110,0.215733,-0.002663,0.037287,-34.770000,26.382500,-17.385000,Start_gesture;
2019-04-05;16:54:09.624,-1.115436,-1.153735,9.301685,0.151812,0.018644,0.042614,-33.550000,26.382500,-19.764000,Start_gesture;
2019-04-05;16:54:09.664,-1.115436,-0.923945,9.110194,0.143822,0.000000,0.026634,-32.970500,25.772501,-17.385000,Start_gesture;
2019-04-05;16:54:09.704,-1.038840,-1.249480,9.598496,0.125179,-0.023970,-0.047941,-34.160000,26.382500,-18.574501,Start_gesture;
2019-04-05;16:54:09.744,-1.125011,-1.249480,9.493176,0.103872,-0.026634,-0.007990,-32.360500,23.973000,-19.764000,Start_gesture;
2019-04-05;16:54:09.784,-1.067564,-1.134585,9.416580,0.087891,-0.010653,0.005327,-32.970500,25.162500,-18.574501,Start_gesture;
2019-04-05;16:54:09.824,-1.182458,-1.182458,9.521900,0.122515,-0.010653,0.029297,-32.970500,23.973000,-20.984001,Start_gesture;
2019-04-05;16:54:09.864,-1.278204,-1.795230,9.493176,0.165129,-0.015980,0.047941,-33.550000,23.363000,-20.374000,9;
2019-04-05;16:54:09.904,-1.345226,-1.670761,10.029352,0.511368,-0.042614,0.077238,-32.360500,25.162500,-19.764000,9;
2019-04-05;16:54:09.944,-0.847349,-5.471861,11.570856,1.118617,0.119852,0.455437,-32.970500,25.772501,-20.374000,9;
2019-04-05;16:54:09.984,-1.086713,-4.428234,11.494260,1.283745,0.394179,0.932180,-31.750500,23.973000,-20.374000,9;
2019-04-05;16:54:10.024,-1.479270,-5.232497,9.474028,0.671170,0.719111,1.568726,-29.371500,21.563500,-21.563500,9;
2019-04-05;16:54:10.064,-0.923945,-5.041006,8.124015,0.394179,0.812329,1.843054,-28.182001,19.184500,-20.984001,9;
2019-04-05;16:54:10.105,0.225002,-2.944177,4.983559,0.237040,0.530011,2.604778,-26.382500,14.975500,-19.184500,9;
2019-04-05;16:54:10.145,2.072892,-1.412248,3.844186,0.141159,0.308951,2.887096,-24.583000,11.376500,-20.984001,9;
2019-04-05;16:54:10.185,3.049498,0.435643,2.810134,-0.186436,0.077238,3.097502,-22.173500,8.967000,-19.764000,9;
2019-04-05;16:54:10.225,3.528225,3.020774,2.331405,-1.696568,-0.577952,2.777898,-24.583000,0.579500,-19.764000,9;
2019-04-05;16:54:10.265,3.039923,3.920783,2.340980,-1.752499,-1.139924,2.428996,-21.563500,0.579500,-21.563500,9;
2019-04-05;16:54:10.305,4.744194,7.195282,5.912291,-1.193191,-1.968232,1.755162,-22.173500,-1.769000,-22.173500,9;
2019-04-05;16:54:10.345,4.389936,6.199528,6.754852,-1.645964,-2.407689,0.985448,-23.973000,-2.989000,-28.182001,9;
2019-04-05;16:54:10.385,5.136752,8.669765,11.743198,-1.182537,-3.020264,-0.647200,-27.572000,-1.189500,-31.750500,9;
2019-04-05;16:54:10.425,7.233581,9.311260,16.329412,-0.663180,-3.214691,-1.379627,-28.761500,-1.189500,-35.349500,9;
2019-04-05;16:54:10.465,8.478273,8.851681,17.890066,-0.684487,-2.913730,-2.458293,-32.970500,2.379000,-37.149002,9;
2019-04-05;16:54:10.505,11.082554,2.838857,18.225176,-0.516694,-1.656618,-3.262631,-37.759000,8.387500,-38.948500,9;
2019-04-05;16:54:10.545,9.588923,2.025020,16.693247,-0.314278,-0.551318,-2.935037,-37.149002,10.766500,-41.968002,9;
2019-04-05;16:54:10.585,8.650616,1.440971,16.262390,-0.186436,0.191763,-2.671363,-37.759000,13.176001,-41.358000,9;
2019-04-05;16:54:10.625,9.550624,-1.795230,16.856014,0.023970,1.187864,-2.871116,-40.168500,17.964500,-40.748000,9;
2019-04-05;16:54:10.666,8.688913,-2.302682,16.597500,0.159802,1.752499,-2.490253,-38.369000,18.574501,-40.748000,9;
2019-04-05;16:54:10.707,8.727212,-2.101616,16.721970,0.143822,2.338441,-2.106728,-39.558502,20.374000,-38.369000,9;
2019-04-05;16:54:10.747,7.999545,-2.723962,13.169807,-0.556645,3.185394,-1.635311,-38.369000,22.173500,-36.569500,9;
2019-04-05;16:54:10.787,5.845269,-3.643120,6.994216,-0.498051,3.574246,-0.753734,-34.160000,23.363000,-31.750500,9;
2019-04-05;16:54:10.827,4.112274,-3.604822,3.518651,-0.418150,3.526305,-0.271664,-34.160000,23.363000,-27.572000,9;
2019-04-05;16:54:10.867,1.603739,-2.111191,1.555866,-0.319605,3.262631,0.167792,-33.550000,25.772501,-24.583000,9;
2019-04-05;16:54:10.907,-1.613313,0.981392,-3.336734,-1.028062,1.835064,0.215733,-31.750500,22.173500,-19.764000,9;
2019-04-05;16:54:10.947,-2.848432,1.938848,-2.101616,-1.126607,1.068012,0.042614,-31.750500,22.783500,-17.385000,9;
2019-04-05;16:54:10.987,-2.580344,1.488844,-1.412248,-0.756398,-0.018644,-0.053267,-30.561000,22.173500,-14.975500,9;
2019-04-05;16:54:11.027,-2.331405,2.369704,0.071809,-0.239704,-0.601922,-0.087891,-31.750500,25.162500,-16.165000,9;
2019-04-05;16:54:11.067,-0.330322,2.092042,2.044169,-0.047941,-1.640637,-0.418150,-31.750500,23.363000,-19.184500,9;
2019-04-05;16:54:11.107,0.004787,1.019691,2.532471,-0.245030,-1.936272,-0.583279,-34.160000,23.973000,-19.764000,9;
2019-04-05;16:54:11.147,2.053743,-0.234577,3.097370,-0.213070,-2.426333,-0.671170,-33.550000,25.162500,-21.563500,9;
2019-04-05;16:54:11.187,3.547375,-1.431397,5.337818,-0.034624,-3.110819,-0.538001,-35.959500,26.382500,-26.382500,9;
2019-04-05;16:54:11.228,6.438892,-1.268629,7.319751,0.298298,-3.616860,-0.543328,-39.558502,26.962000,-28.182001,9;
2019-04-05;16:54:11.269,7.511243,-3.260138,8.095291,0.082565,-3.755355,-0.532674,-39.558502,26.962000,-32.970500,9;
2019-04-05;16:54:11.311,10.383611,-3.805888,12.078308,0.487397,-3.763346,0.178446,-47.366500,27.572000,-36.569500,9;
2019-04-05;16:54:11.351,10.680422,-5.864419,11.532558,0.021307,-3.401127,0.585942,-49.166000,27.572000,-37.149002,9;
2019-04-05;16:54:11.391,10.565528,-4.629300,13.351725,-0.870923,-2.713977,1.270429,-52.155000,26.962000,-40.748000,9;
2019-04-05;16:54:11.431,11.475111,-5.404839,12.183628,-0.676497,-2.301154,1.371637,-51.545002,26.382500,-39.558502,9;
2019-04-05;16:54:11.471,10.718720,-2.800559,13.150659,0.466090,-2.040144,1.824410,-51.545002,26.382500,-38.948500,9;
2019-04-05;16:54:11.511,11.657027,-3.537800,11.044255,0.785695,-1.134597,2.138688,-52.155000,25.162500,-41.968002,9;
2019-04-05;16:54:11.552,10.374036,-1.000542,10.278291,0.897557,-0.679160,2.490253,-50.355500,22.783500,-41.358000,9;
2019-04-05;16:54:11.592,10.795317,-1.163309,7.520817,0.428803,-0.258347,2.463620,-51.545002,21.563500,-40.748000,9;
2019-04-05;16:54:11.632,9.655944,0.914371,6.515488,0.359555,0.111862,2.058787,-47.366500,19.764000,-43.157500,9;
2019-04-05;16:54:11.672,9.761265,1.096287,5.672927,0.399506,0.189099,1.752499,-45.567000,16.775000,-40.748000,9;
2019-04-05;16:54:11.712,8.957002,1.268629,5.261221,0.306288,0.215733,1.334350,-43.767500,16.165000,-41.968002,9;
2019-04-05;16:54:11.752,6.381444,1.268629,4.686748,0.681823,0.026634,0.868259,-43.767500,15.585500,-41.358000,9;
2019-04-05;16:54:11.793,7.061238,-0.138831,4.772918,0.460763,-0.101208,0.474080,-42.547500,14.365500,-42.547500,9;
2019-04-05;16:54:11.834,7.271879,-2.408002,5.146326,0.205080,-0.165129,0.191763,-44.957000,12.566000,-41.968002,9;
2019-04-05;16:54:11.874,7.109111,-2.829283,6.314423,0.324931,-0.151812,0.101208,-43.767500,13.176001,-41.968002,9;
2019-04-05;16:54:11.914,7.109111,-3.001625,6.601659,0.071911,-0.023970,0.053267,-44.347000,13.176001,-42.547500,9;
2019-04-05;16:54:11.954,7.166558,-3.135668,6.467616,0.037287,0.047941,0.029297,-44.347000,14.365500,-41.358000,9;
2019-04-05;16:54:11.994,7.070813,-3.193116,6.285699,0.053267,0.106535,0.000000,-44.957000,13.176001,-41.358000,9;
2019-04-05;16:54:12.034,6.783576,-2.858006,6.199528,0.138495,0.109198,0.010653,-44.347000,13.176001,-42.547500,Unknown;
2019-04-05;16:54:12.074,6.927195,-3.652695,6.304848,0.023970,-0.021307,-0.229050,-43.767500,12.566000,-43.767500,Unknown;
2019-04-05;16:54:12.114,7.147409,-3.920783,5.960164,-0.117188,0.029297,-0.194426,-43.767500,12.566000,-43.767500,Unknown;
2019-04-05;16:54:12.154,7.137835,-4.399510,5.806971,-0.135832,0.106535,-0.119852,-43.767500,14.365500,-41.968002,Unknown;
2019-04-05;16:54:12.194,6.774002,-3.595247,5.931440,0.002663,0.085228,-0.042614,-42.547500,14.365500,-42.547500,Unknown;
2019-04-05;16:54:12.234,6.831449,-3.892059,5.749524,-0.077238,0.061258,-0.061258,-44.957000,14.365500,-43.157500,Unknown;
2019-04-05;16:54:12.274,6.860173,-3.690993,6.065484,0.034624,0.010653,-0.063921,-43.767500,14.975500,-42.547500,Unknown;
2019-04-05;16:54:12.314,6.955918,-3.911208,6.008037,-0.103872,0.002663,-0.055931,-42.547500,14.975500,-43.157500,Unknown;
2019-04-05;16:54:12.355,7.061238,-3.442054,6.237826,0.050604,-0.023970,-0.026634,-42.547500,14.365500,-42.547500,Unknown;
2019-04-05;16:54:12.395,6.869747,-3.375033,6.161230,-0.015980,-0.005327,0.005327,-44.347000,14.365500,-42.547500,Unknown;
2019-04-05;16:54:12.435,6.908045,-3.461204,6.094208,-0.053267,-0.007990,-0.042614,-43.767500,14.975500,-42.547500,Unknown;
2019-04-05;16:54:12.475,6.917620,-3.231414,5.969739,-0.005327,0.000000,-0.071911,-43.767500,14.975500,-41.968002,Unknown;
2019-04-05;16:54:12.516,7.176133,-3.556949,6.017611,-0.037287,0.026634,-0.103872,-42.547500,14.365500,-42.547500,Unknown;
2019-04-05;16:54:12.556,7.109111,-3.585673,5.826120,-0.079901,0.053267,-0.066584,-44.347000,13.176001,-42.547500,Unknown;
2019-04-05;16:54:12.597,7.080388,-3.662269,6.285699,-0.074574,0.039951,-0.095881,-44.957000,13.176001,-40.748000,Unknown;
2019-04-05;16:54:12.638,7.137835,-3.623971,5.634629,-0.090555,0.082565,-0.074574,-44.347000,14.975500,-41.968002,Unknown;
2019-04-05;16:54:12.678,6.927195,-3.365458,5.203774,-0.037287,0.029297,-0.023970,-43.767500,13.176001,-41.968002,Unknown;
2019-04-05;16:54:12.718,6.764427,-3.068647,5.759098,0.055931,-0.071911,-0.109198,-42.547500,13.176001,-42.547500,Unknown;
2019-04-05;16:54:12.758,6.898471,-2.867581,5.759098,-0.058594,-0.111862,-0.178446,-43.767500,14.365500,-43.157500,Unknown;
2019-04-05;16:54:12.798,7.204857,-3.135668,6.352721,-0.170456,-0.151812,-0.231713,-44.347000,14.975500,-42.547500,Unknown;
2019-04-05;16:54:12.838,7.463370,-3.336734,6.362296,-0.239704,-0.082565,-0.303624,-44.957000,14.975500,-40.748000,Unknown;
2019-04-05;16:54:12.878,7.252729,-3.901633,6.601659,-0.002663,-0.045277,-0.295634,-44.347000,15.585500,-42.547500,Unknown;
2019-04-05;16:54:12.932,7.128260,-4.284616,6.055910,-0.034624,0.085228,-0.133169,-44.347000,14.975500,-41.358000,Unknown;
2019-04-05;16:54:12.973,7.156984,-4.112274,5.806971,0.085228,0.087891,-0.082565,-46.146500,16.775000,-42.547500,Unknown;
2019-04-05;16:54:13.014,7.061238,-3.451629,5.625054,0.055931,0.101208,0.023970,-46.146500,16.775000,-41.968002,Unknown;
2019-04-05;16:54:13.054,7.022940,-3.681418,5.730374,-0.106535,0.002663,-0.013317,-44.957000,14.365500,-41.968002,Unknown;
2019-04-05;16:54:13.094,7.147409,-3.365458,5.768673,0.023970,-0.047941,0.007990,-44.347000,16.165000,-42.547500,Unknown;
2019-04-05;16:54:13.134,7.243155,-3.193116,6.055910,0.015980,-0.061258,0.005327,-44.957000,14.975500,-41.358000,Unknown;
2019-04-05;16:54:13.174,7.233581,-3.106945,5.835695,-0.058594,-0.021307,0.002663,-44.957000,16.775000,-42.547500,Unknown;
2019-04-05;16:54:13.214,7.185708,-3.049498,6.170804,0.151812,-0.085228,-0.050604,-44.957000,15.585500,-41.358000,Unknown;
2019-04-05;16:54:13.254,7.377199,-3.250563,5.979313,-0.026634,-0.034624,-0.045277,-46.146500,16.165000,-41.358000,Unknown;
2019-04-05;16:54:13.294,7.252729,-3.576098,6.055910,0.005327,-0.026634,-0.010653,-44.957000,16.775000,-41.968002,Unknown;
2019-04-05;16:54:13.334,7.300602,-3.240989,6.218677,0.077238,-0.037287,-0.042614,-44.957000,16.165000,-42.547500,Unknown;
2019-04-05;16:54:13.374,7.319751,-3.011199,5.711225,-0.079901,0.055931,0.026634,-44.957000,16.775000,-41.358000,Unknown;
2019-04-05;16:54:13.414,7.262304,-2.905879,5.692076,0.021307,0.045277,-0.007990,-44.347000,15.585500,-41.968002,Unknown;
2019-04-05;16:54:13.454,7.425072,-2.532471,5.634629,0.005327,0.039951,-0.042614,-43.767500,15.585500,-41.358000,Unknown;
2019-04-05;16:54:13.495,7.635712,-1.651612,5.356967,-0.631219,0.101208,-0.031960,-44.347000,16.775000,-40.748000,Unknown;
2019-04-05;16:54:13.535,7.530392,-2.063318,4.715471,-1.030725,0.135832,-0.007990,-45.567000,17.964500,-40.748000,Unknown;
2019-04-05;16:54:13.575,7.683585,-2.436726,4.217594,-1.345003,0.117188,-0.002663,-44.347000,17.964500,-40.748000,Unknown;
2019-04-05;16:54:13.615,7.875076,-2.331405,3.585673,-1.542093,0.085228,-0.002663,-43.767500,19.184500,-39.558502,Unknown;
2019-04-05;16:54:13.655,7.329326,-3.030348,3.346309,-0.269001,-0.359555,-0.396843,-44.347000,20.374000,-38.948500,Unknown;
2019-04-05;16:54:13.695,7.654861,-2.360129,4.342063,0.159802,-0.625892,-0.854943,-47.366500,22.783500,-39.558502,Unknown;
2019-04-05;16:54:13.735,7.951673,-2.159063,4.868664,-0.599259,-0.865596,-1.424904,-48.556000,23.973000,-38.369000,Unknown;
2019-04-05;16:54:13.775,8.937852,-3.690993,5.232497,-1.139924,-0.876250,-1.733855,-48.556000,26.382500,-38.948500,Unknown;
